1c1
< Detector radius & height   429.53  738.85
---
> Detector radius & height   429.53  702.84
4c4
< OD PMT number & size               368   40.00
---
> OD PMT number & size               104   40.00
6998,7365c6998,7101
<     368   368   0   369.425855868   337.000000000   -47.376826206  0.965925826  0.000000000 -0.258819045   4
<     367   367   0   343.620589099   337.000000000  -143.683392889  0.965925826  0.000000000 -0.258819045   4
<     366   366   0   296.243762893   337.000000000  -225.742462979  0.707106781  0.000000000 -0.707106781   4
<     365   365   0   225.742462979   337.000000000  -296.243762893  0.707106781  0.000000000 -0.707106781   4
<     364   364   0   143.683392889   337.000000000  -343.620589099  0.258819045  0.000000000 -0.965925826   4
<     363   363   0    47.376826206   337.000000000  -369.425855868  0.258819045  0.000000000 -0.965925826   4
<     362   362   0   -47.376826206   337.000000000  -369.425855868 -0.258819045  0.000000000 -0.965925826   4
<     361   361   0  -143.683392889   337.000000000  -343.620589099 -0.258819045  0.000000000 -0.965925826   4
<     360   360   0  -225.742462979   337.000000000  -296.243762893 -0.707106781  0.000000000 -0.707106781   4
<     359   359   0  -296.243762893   337.000000000  -225.742462979 -0.707106781  0.000000000 -0.707106781   4
<     358   358   0  -343.620589099   337.000000000  -143.683392889 -0.965925826  0.000000000 -0.258819045   4
<     357   357   0  -369.425855868   337.000000000   -47.376826206 -0.965925826  0.000000000 -0.258819045   4
<     356   356   0  -369.425855868   337.000000000    47.376826206 -0.965925826  0.000000000  0.258819045   4
<     355   355   0  -343.620589099   337.000000000   143.683392889 -0.965925826  0.000000000  0.258819045   4
<     354   354   0  -296.243762893   337.000000000   225.742462979 -0.707106781  0.000000000  0.707106781   4
<     353   353   0  -225.742462979   337.000000000   296.243762893 -0.707106781  0.000000000  0.707106781   4
<     352   352   0  -143.683392889   337.000000000   343.620589099 -0.258819045  0.000000000  0.965925826   4
<     351   351   0   -47.376826206   337.000000000   369.425855868 -0.258819045  0.000000000  0.965925826   4
<     350   350   0    47.376826206   337.000000000   369.425855868  0.258819045  0.000000000  0.965925826   4
<     349   349   0   143.683392889   337.000000000   343.620589099  0.258819045  0.000000000  0.965925826   4
<     348   348   0   225.742462979   337.000000000   296.243762893  0.707106781  0.000000000  0.707106781   4
<     347   347   0   296.243762893   337.000000000   225.742462979  0.707106781  0.000000000  0.707106781   4
<     346   346   0   343.620589099   337.000000000   143.683392889  0.965925826  0.000000000  0.258819045   4
<     345   345   0   369.425855868   337.000000000    47.376826206  0.965925826  0.000000000  0.258819045   4
<     344   344   0   369.425855868  -337.000000000   -47.376826206  0.965925826  0.000000000 -0.258819045   4
<     343   343   0   343.620589099  -337.000000000  -143.683392889  0.965925826  0.000000000 -0.258819045   4
<     342   342   0   296.243762893  -337.000000000  -225.742462979  0.707106781  0.000000000 -0.707106781   4
<     341   341   0   225.742462979  -337.000000000  -296.243762893  0.707106781  0.000000000 -0.707106781   4
<     340   340   0   143.683392889  -337.000000000  -343.620589099  0.258819045  0.000000000 -0.965925826   4
<     339   339   0    47.376826206  -337.000000000  -369.425855868  0.258819045  0.000000000 -0.965925826   4
<     338   338   0   -47.376826206  -337.000000000  -369.425855868 -0.258819045  0.000000000 -0.965925826   4
<     337   337   0  -143.683392889  -337.000000000  -343.620589099 -0.258819045  0.000000000 -0.965925826   4
<     336   336   0  -225.742462979  -337.000000000  -296.243762893 -0.707106781  0.000000000 -0.707106781   4
<     335   335   0  -296.243762893  -337.000000000  -225.742462979 -0.707106781  0.000000000 -0.707106781   4
<     334   334   0  -343.620589099  -337.000000000  -143.683392889 -0.965925826  0.000000000 -0.258819045   4
<     333   333   0  -369.425855868  -337.000000000   -47.376826206 -0.965925826  0.000000000 -0.258819045   4
<     332   332   0  -369.425855868  -337.000000000    47.376826206 -0.965925826  0.000000000  0.258819045   4
<     331   331   0  -343.620589099  -337.000000000   143.683392889 -0.965925826  0.000000000  0.258819045   4
<     330   330   0  -296.243762893  -337.000000000   225.742462979 -0.707106781  0.000000000  0.707106781   4
<     329   329   0  -225.742462979  -337.000000000   296.243762893 -0.707106781  0.000000000  0.707106781   4
<     328   328   0  -143.683392889  -337.000000000   343.620589099 -0.258819045  0.000000000  0.965925826   4
<     327   327   0   -47.376826206  -337.000000000   369.425855868 -0.258819045  0.000000000  0.965925826   4
<     326   326   0    47.376826206  -337.000000000   369.425855868  0.258819045  0.000000000  0.965925826   4
<     325   325   0   143.683392889  -337.000000000   343.620589099  0.258819045  0.000000000  0.965925826   4
<     324   324   0   225.742462979  -337.000000000   296.243762893  0.707106781  0.000000000  0.707106781   4
<     323   323   0   296.243762893  -337.000000000   225.742462979  0.707106781  0.000000000  0.707106781   4
<     322   322   0   343.620589099  -337.000000000   143.683392889  0.965925826  0.000000000  0.258819045   4
<     321   321   0   369.425855868  -337.000000000    47.376826206  0.965925826  0.000000000  0.258819045   4
<     320   320   0   296.034692357   417.100000000   126.872011010 -0.000000000  1.000000000 -0.000000000   4
<     319   319   0   296.034692357  -417.100000000   126.872011010  0.000000000 -1.000000000  0.000000000   4
<     318   318   0   296.034692357   417.100000000    42.290670337 -0.000000000  1.000000000 -0.000000000   4
<     317   317   0   296.034692357  -417.100000000    42.290670337  0.000000000 -1.000000000  0.000000000   4
<     316   316   0   296.034692357   417.100000000   -42.290670337 -0.000000000  1.000000000 -0.000000000   4
<     315   315   0   296.034692357  -417.100000000   -42.290670337  0.000000000 -1.000000000  0.000000000   4
<     314   314   0   296.034692357   417.100000000  -126.872011010 -0.000000000  1.000000000 -0.000000000   4
<     313   313   0   296.034692357  -417.100000000  -126.872011010  0.000000000 -1.000000000  0.000000000   4
<     312   312   0   211.453351684   417.100000000   211.453351684 -0.000000000  1.000000000 -0.000000000   4
<     311   311   0   211.453351684  -417.100000000   211.453351684  0.000000000 -1.000000000  0.000000000   4
<     310   310   0   211.453351684   417.100000000   126.872011010 -0.000000000  1.000000000 -0.000000000   4
<     309   309   0   211.453351684  -417.100000000   126.872011010  0.000000000 -1.000000000  0.000000000   4
<     308   308   0   211.453351684   417.100000000    42.290670337 -0.000000000  1.000000000 -0.000000000   4
<     307   307   0   211.453351684  -417.100000000    42.290670337  0.000000000 -1.000000000  0.000000000   4
<     306   306   0   211.453351684   417.100000000   -42.290670337 -0.000000000  1.000000000 -0.000000000   4
<     305   305   0   211.453351684  -417.100000000   -42.290670337  0.000000000 -1.000000000  0.000000000   4
<     304   304   0   211.453351684   417.100000000  -126.872011010 -0.000000000  1.000000000 -0.000000000   4
<     303   303   0   211.453351684  -417.100000000  -126.872011010  0.000000000 -1.000000000  0.000000000   4
<     302   302   0   211.453351684   417.100000000  -211.453351684 -0.000000000  1.000000000 -0.000000000   4
<     301   301   0   211.453351684  -417.100000000  -211.453351684  0.000000000 -1.000000000  0.000000000   4
<     300   300   0   126.872011010   417.100000000   296.034692357 -0.000000000  1.000000000 -0.000000000   4
<     299   299   0   126.872011010  -417.100000000   296.034692357  0.000000000 -1.000000000  0.000000000   4
<     298   298   0   126.872011010   417.100000000   211.453351684 -0.000000000  1.000000000 -0.000000000   4
<     297   297   0   126.872011010  -417.100000000   211.453351684  0.000000000 -1.000000000  0.000000000   4
<     296   296   0   126.872011010   417.100000000   126.872011010 -0.000000000  1.000000000 -0.000000000   4
<     295   295   0   126.872011010  -417.100000000   126.872011010  0.000000000 -1.000000000  0.000000000   4
<     294   294   0   126.872011010   417.100000000    42.290670337 -0.000000000  1.000000000 -0.000000000   4
<     293   293   0   126.872011010  -417.100000000    42.290670337  0.000000000 -1.000000000  0.000000000   4
<     292   292   0   126.872011010   417.100000000   -42.290670337 -0.000000000  1.000000000 -0.000000000   4
<     291   291   0   126.872011010  -417.100000000   -42.290670337  0.000000000 -1.000000000  0.000000000   4
<     290   290   0   126.872011010   417.100000000  -126.872011010 -0.000000000  1.000000000 -0.000000000   4
<     289   289   0   126.872011010  -417.100000000  -126.872011010  0.000000000 -1.000000000  0.000000000   4
<     288   288   0   126.872011010   417.100000000  -211.453351684 -0.000000000  1.000000000 -0.000000000   4
<     287   287   0   126.872011010  -417.100000000  -211.453351684  0.000000000 -1.000000000  0.000000000   4
<     286   286   0   126.872011010   417.100000000  -296.034692357 -0.000000000  1.000000000 -0.000000000   4
<     285   285   0   126.872011010  -417.100000000  -296.034692357  0.000000000 -1.000000000  0.000000000   4
<     284   284   0    42.290670337   417.100000000   296.034692357 -0.000000000  1.000000000 -0.000000000   4
<     283   283   0    42.290670337  -417.100000000   296.034692357  0.000000000 -1.000000000  0.000000000   4
<     282   282   0    42.290670337   417.100000000   211.453351684 -0.000000000  1.000000000 -0.000000000   4
<     281   281   0    42.290670337  -417.100000000   211.453351684  0.000000000 -1.000000000  0.000000000   4
<     280   280   0    42.290670337   417.100000000   126.872011010 -0.000000000  1.000000000 -0.000000000   4
<     279   279   0    42.290670337  -417.100000000   126.872011010  0.000000000 -1.000000000  0.000000000   4
<     278   278   0    42.290670337   417.100000000    42.290670337 -0.000000000  1.000000000 -0.000000000   4
<     277   277   0    42.290670337  -417.100000000    42.290670337  0.000000000 -1.000000000  0.000000000   4
<     276   276   0    42.290670337   417.100000000   -42.290670337 -0.000000000  1.000000000 -0.000000000   4
<     275   275   0    42.290670337  -417.100000000   -42.290670337  0.000000000 -1.000000000  0.000000000   4
<     274   274   0    42.290670337   417.100000000  -126.872011010 -0.000000000  1.000000000 -0.000000000   4
<     273   273   0    42.290670337  -417.100000000  -126.872011010  0.000000000 -1.000000000  0.000000000   4
<     272   272   0    42.290670337   417.100000000  -211.453351684 -0.000000000  1.000000000 -0.000000000   4
<     271   271   0    42.290670337  -417.100000000  -211.453351684  0.000000000 -1.000000000  0.000000000   4
<     270   270   0    42.290670337   417.100000000  -296.034692357 -0.000000000  1.000000000 -0.000000000   4
<     269   269   0    42.290670337  -417.100000000  -296.034692357  0.000000000 -1.000000000  0.000000000   4
<     268   268   0   -42.290670337   417.100000000   296.034692357 -0.000000000  1.000000000 -0.000000000   4
<     267   267   0   -42.290670337  -417.100000000   296.034692357  0.000000000 -1.000000000  0.000000000   4
<     266   266   0   -42.290670337   417.100000000   211.453351684 -0.000000000  1.000000000 -0.000000000   4
<     265   265   0   -42.290670337  -417.100000000   211.453351684  0.000000000 -1.000000000  0.000000000   4
<     264   264   0   -42.290670337   417.100000000   126.872011010 -0.000000000  1.000000000 -0.000000000   4
<     263   263   0   -42.290670337  -417.100000000   126.872011010  0.000000000 -1.000000000  0.000000000   4
<     262   262   0   -42.290670337   417.100000000    42.290670337 -0.000000000  1.000000000 -0.000000000   4
<     261   261   0   -42.290670337  -417.100000000    42.290670337  0.000000000 -1.000000000  0.000000000   4
<     260   260   0   -42.290670337   417.100000000   -42.290670337 -0.000000000  1.000000000 -0.000000000   4
<     259   259   0   -42.290670337  -417.100000000   -42.290670337  0.000000000 -1.000000000  0.000000000   4
<     258   258   0   -42.290670337   417.100000000  -126.872011010 -0.000000000  1.000000000 -0.000000000   4
<     257   257   0   -42.290670337  -417.100000000  -126.872011010  0.000000000 -1.000000000  0.000000000   4
<     256   256   0   -42.290670337   417.100000000  -211.453351684 -0.000000000  1.000000000 -0.000000000   4
<     255   255   0   -42.290670337  -417.100000000  -211.453351684  0.000000000 -1.000000000  0.000000000   4
<     254   254   0   -42.290670337   417.100000000  -296.034692357 -0.000000000  1.000000000 -0.000000000   4
<     253   253   0   -42.290670337  -417.100000000  -296.034692357  0.000000000 -1.000000000  0.000000000   4
<     252   252   0  -126.872011010   417.100000000   296.034692357 -0.000000000  1.000000000 -0.000000000   4
<     251   251   0  -126.872011010  -417.100000000   296.034692357  0.000000000 -1.000000000  0.000000000   4
<     250   250   0  -126.872011010   417.100000000   211.453351684 -0.000000000  1.000000000 -0.000000000   4
<     249   249   0  -126.872011010  -417.100000000   211.453351684  0.000000000 -1.000000000  0.000000000   4
<     248   248   0  -126.872011010   417.100000000   126.872011010 -0.000000000  1.000000000 -0.000000000   4
<     247   247   0  -126.872011010  -417.100000000   126.872011010  0.000000000 -1.000000000  0.000000000   4
<     246   246   0  -126.872011010   417.100000000    42.290670337 -0.000000000  1.000000000 -0.000000000   4
<     245   245   0  -126.872011010  -417.100000000    42.290670337  0.000000000 -1.000000000  0.000000000   4
<     244   244   0  -126.872011010   417.100000000   -42.290670337 -0.000000000  1.000000000 -0.000000000   4
<     243   243   0  -126.872011010  -417.100000000   -42.290670337  0.000000000 -1.000000000  0.000000000   4
<     242   242   0  -126.872011010   417.100000000  -126.872011010 -0.000000000  1.000000000 -0.000000000   4
<     241   241   0  -126.872011010  -417.100000000  -126.872011010  0.000000000 -1.000000000  0.000000000   4
<     240   240   0  -126.872011010   417.100000000  -211.453351684 -0.000000000  1.000000000 -0.000000000   4
<     239   239   0  -126.872011010  -417.100000000  -211.453351684  0.000000000 -1.000000000  0.000000000   4
<     238   238   0  -126.872011010   417.100000000  -296.034692357 -0.000000000  1.000000000 -0.000000000   4
<     237   237   0  -126.872011010  -417.100000000  -296.034692357  0.000000000 -1.000000000  0.000000000   4
<     236   236   0  -211.453351684   417.100000000   211.453351684 -0.000000000  1.000000000 -0.000000000   4
<     235   235   0  -211.453351684  -417.100000000   211.453351684  0.000000000 -1.000000000  0.000000000   4
<     234   234   0  -211.453351684   417.100000000   126.872011010 -0.000000000  1.000000000 -0.000000000   4
<     233   233   0  -211.453351684  -417.100000000   126.872011010  0.000000000 -1.000000000  0.000000000   4
<     232   232   0  -211.453351684   417.100000000    42.290670337 -0.000000000  1.000000000 -0.000000000   4
<     231   231   0  -211.453351684  -417.100000000    42.290670337  0.000000000 -1.000000000  0.000000000   4
<     230   230   0  -211.453351684   417.100000000   -42.290670337 -0.000000000  1.000000000 -0.000000000   4
<     229   229   0  -211.453351684  -417.100000000   -42.290670337  0.000000000 -1.000000000  0.000000000   4
<     228   228   0  -211.453351684   417.100000000  -126.872011010 -0.000000000  1.000000000 -0.000000000   4
<     227   227   0  -211.453351684  -417.100000000  -126.872011010  0.000000000 -1.000000000  0.000000000   4
<     226   226   0  -211.453351684   417.100000000  -211.453351684 -0.000000000  1.000000000 -0.000000000   4
<     225   225   0  -211.453351684  -417.100000000  -211.453351684  0.000000000 -1.000000000  0.000000000   4
<     224   224   0  -296.034692357   417.100000000   126.872011010 -0.000000000  1.000000000 -0.000000000   4
<     223   223   0  -296.034692357  -417.100000000   126.872011010  0.000000000 -1.000000000  0.000000000   4
<     222   222   0  -296.034692357   417.100000000    42.290670337 -0.000000000  1.000000000 -0.000000000   4
<     221   221   0  -296.034692357  -417.100000000    42.290670337  0.000000000 -1.000000000  0.000000000   4
<     220   220   0  -296.034692357   417.100000000   -42.290670337 -0.000000000  1.000000000 -0.000000000   4
<     219   219   0  -296.034692357  -417.100000000   -42.290670337  0.000000000 -1.000000000  0.000000000   4
<     218   218   0  -296.034692357   417.100000000  -126.872011010 -0.000000000  1.000000000 -0.000000000   4
<     217   217   0  -296.034692357  -417.100000000  -126.872011010  0.000000000 -1.000000000  0.000000000   4
<     216   216   0   369.425855868  -269.600000000   -47.376826206  0.965925826  0.000000000 -0.258819045   4
<     215   215   0   343.620589099  -269.600000000  -143.683392889  0.965925826  0.000000000 -0.258819045   4
<     214   214   0   296.243762893  -269.600000000  -225.742462979  0.707106781  0.000000000 -0.707106781   4
<     213   213   0   225.742462979  -269.600000000  -296.243762893  0.707106781  0.000000000 -0.707106781   4
<     212   212   0   143.683392889  -269.600000000  -343.620589099  0.258819045  0.000000000 -0.965925826   4
<     211   211   0    47.376826206  -269.600000000  -369.425855868  0.258819045  0.000000000 -0.965925826   4
<     210   210   0   -47.376826206  -269.600000000  -369.425855868 -0.258819045  0.000000000 -0.965925826   4
<     209   209   0  -143.683392889  -269.600000000  -343.620589099 -0.258819045  0.000000000 -0.965925826   4
<     208   208   0  -225.742462979  -269.600000000  -296.243762893 -0.707106781  0.000000000 -0.707106781   4
<     207   207   0  -296.243762893  -269.600000000  -225.742462979 -0.707106781  0.000000000 -0.707106781   4
<     206   206   0  -343.620589099  -269.600000000  -143.683392889 -0.965925826  0.000000000 -0.258819045   4
<     205   205   0  -369.425855868  -269.600000000   -47.376826206 -0.965925826  0.000000000 -0.258819045   4
<     204   204   0  -369.425855868  -269.600000000    47.376826206 -0.965925826  0.000000000  0.258819045   4
<     203   203   0  -343.620589099  -269.600000000   143.683392889 -0.965925826  0.000000000  0.258819045   4
<     202   202   0  -296.243762893  -269.600000000   225.742462979 -0.707106781  0.000000000  0.707106781   4
<     201   201   0  -225.742462979  -269.600000000   296.243762893 -0.707106781  0.000000000  0.707106781   4
<     200   200   0  -143.683392889  -269.600000000   343.620589099 -0.258819045  0.000000000  0.965925826   4
<     199   199   0   -47.376826206  -269.600000000   369.425855868 -0.258819045  0.000000000  0.965925826   4
<     198   198   0    47.376826206  -269.600000000   369.425855868  0.258819045  0.000000000  0.965925826   4
<     197   197   0   143.683392889  -269.600000000   343.620589099  0.258819045  0.000000000  0.965925826   4
<     196   196   0   225.742462979  -269.600000000   296.243762893  0.707106781  0.000000000  0.707106781   4
<     195   195   0   296.243762893  -269.600000000   225.742462979  0.707106781  0.000000000  0.707106781   4
<     194   194   0   343.620589099  -269.600000000   143.683392889  0.965925826  0.000000000  0.258819045   4
<     193   193   0   369.425855868  -269.600000000    47.376826206  0.965925826  0.000000000  0.258819045   4
<     192   192   0   369.425855868  -202.200000000   -47.376826206  0.965925826  0.000000000 -0.258819045   4
<     191   191   0   343.620589099  -202.200000000  -143.683392889  0.965925826  0.000000000 -0.258819045   4
<     190   190   0   296.243762893  -202.200000000  -225.742462979  0.707106781  0.000000000 -0.707106781   4
<     189   189   0   225.742462979  -202.200000000  -296.243762893  0.707106781  0.000000000 -0.707106781   4
<     188   188   0   143.683392889  -202.200000000  -343.620589099  0.258819045  0.000000000 -0.965925826   4
<     187   187   0    47.376826206  -202.200000000  -369.425855868  0.258819045  0.000000000 -0.965925826   4
<     186   186   0   -47.376826206  -202.200000000  -369.425855868 -0.258819045  0.000000000 -0.965925826   4
<     185   185   0  -143.683392889  -202.200000000  -343.620589099 -0.258819045  0.000000000 -0.965925826   4
<     184   184   0  -225.742462979  -202.200000000  -296.243762893 -0.707106781  0.000000000 -0.707106781   4
<     183   183   0  -296.243762893  -202.200000000  -225.742462979 -0.707106781  0.000000000 -0.707106781   4
<     182   182   0  -343.620589099  -202.200000000  -143.683392889 -0.965925826  0.000000000 -0.258819045   4
<     181   181   0  -369.425855868  -202.200000000   -47.376826206 -0.965925826  0.000000000 -0.258819045   4
<     180   180   0  -369.425855868  -202.200000000    47.376826206 -0.965925826  0.000000000  0.258819045   4
<     179   179   0  -343.620589099  -202.200000000   143.683392889 -0.965925826  0.000000000  0.258819045   4
<     178   178   0  -296.243762893  -202.200000000   225.742462979 -0.707106781  0.000000000  0.707106781   4
<     177   177   0  -225.742462979  -202.200000000   296.243762893 -0.707106781  0.000000000  0.707106781   4
<     176   176   0  -143.683392889  -202.200000000   343.620589099 -0.258819045  0.000000000  0.965925826   4
<     175   175   0   -47.376826206  -202.200000000   369.425855868 -0.258819045  0.000000000  0.965925826   4
<     174   174   0    47.376826206  -202.200000000   369.425855868  0.258819045  0.000000000  0.965925826   4
<     173   173   0   143.683392889  -202.200000000   343.620589099  0.258819045  0.000000000  0.965925826   4
<     172   172   0   225.742462979  -202.200000000   296.243762893  0.707106781  0.000000000  0.707106781   4
<     171   171   0   296.243762893  -202.200000000   225.742462979  0.707106781  0.000000000  0.707106781   4
<     170   170   0   343.620589099  -202.200000000   143.683392889  0.965925826  0.000000000  0.258819045   4
<     169   169   0   369.425855868  -202.200000000    47.376826206  0.965925826  0.000000000  0.258819045   4
<     168   168   0   369.425855868  -134.800000000   -47.376826206  0.965925826  0.000000000 -0.258819045   4
<     167   167   0   343.620589099  -134.800000000  -143.683392889  0.965925826  0.000000000 -0.258819045   4
<     166   166   0   296.243762893  -134.800000000  -225.742462979  0.707106781  0.000000000 -0.707106781   4
<     165   165   0   225.742462979  -134.800000000  -296.243762893  0.707106781  0.000000000 -0.707106781   4
<     164   164   0   143.683392889  -134.800000000  -343.620589099  0.258819045  0.000000000 -0.965925826   4
<     163   163   0    47.376826206  -134.800000000  -369.425855868  0.258819045  0.000000000 -0.965925826   4
<     162   162   0   -47.376826206  -134.800000000  -369.425855868 -0.258819045  0.000000000 -0.965925826   4
<     161   161   0  -143.683392889  -134.800000000  -343.620589099 -0.258819045  0.000000000 -0.965925826   4
<     160   160   0  -225.742462979  -134.800000000  -296.243762893 -0.707106781  0.000000000 -0.707106781   4
<     159   159   0  -296.243762893  -134.800000000  -225.742462979 -0.707106781  0.000000000 -0.707106781   4
<     158   158   0  -343.620589099  -134.800000000  -143.683392889 -0.965925826  0.000000000 -0.258819045   4
<     157   157   0  -369.425855868  -134.800000000   -47.376826206 -0.965925826  0.000000000 -0.258819045   4
<     156   156   0  -369.425855868  -134.800000000    47.376826206 -0.965925826  0.000000000  0.258819045   4
<     155   155   0  -343.620589099  -134.800000000   143.683392889 -0.965925826  0.000000000  0.258819045   4
<     154   154   0  -296.243762893  -134.800000000   225.742462979 -0.707106781  0.000000000  0.707106781   4
<     153   153   0  -225.742462979  -134.800000000   296.243762893 -0.707106781  0.000000000  0.707106781   4
<     152   152   0  -143.683392889  -134.800000000   343.620589099 -0.258819045  0.000000000  0.965925826   4
<     151   151   0   -47.376826206  -134.800000000   369.425855868 -0.258819045  0.000000000  0.965925826   4
<     150   150   0    47.376826206  -134.800000000   369.425855868  0.258819045  0.000000000  0.965925826   4
<     149   149   0   143.683392889  -134.800000000   343.620589099  0.258819045  0.000000000  0.965925826   4
<     148   148   0   225.742462979  -134.800000000   296.243762893  0.707106781  0.000000000  0.707106781   4
<     147   147   0   296.243762893  -134.800000000   225.742462979  0.707106781  0.000000000  0.707106781   4
<     146   146   0   343.620589099  -134.800000000   143.683392889  0.965925826  0.000000000  0.258819045   4
<     145   145   0   369.425855868  -134.800000000    47.376826206  0.965925826  0.000000000  0.258819045   4
<     144   144   0   369.425855868   -67.400000000   -47.376826206  0.965925826  0.000000000 -0.258819045   4
<     143   143   0   343.620589099   -67.400000000  -143.683392889  0.965925826  0.000000000 -0.258819045   4
<     142   142   0   296.243762893   -67.400000000  -225.742462979  0.707106781  0.000000000 -0.707106781   4
<     141   141   0   225.742462979   -67.400000000  -296.243762893  0.707106781  0.000000000 -0.707106781   4
<     140   140   0   143.683392889   -67.400000000  -343.620589099  0.258819045  0.000000000 -0.965925826   4
<     139   139   0    47.376826206   -67.400000000  -369.425855868  0.258819045  0.000000000 -0.965925826   4
<     138   138   0   -47.376826206   -67.400000000  -369.425855868 -0.258819045  0.000000000 -0.965925826   4
<     137   137   0  -143.683392889   -67.400000000  -343.620589099 -0.258819045  0.000000000 -0.965925826   4
<     136   136   0  -225.742462979   -67.400000000  -296.243762893 -0.707106781  0.000000000 -0.707106781   4
<     135   135   0  -296.243762893   -67.400000000  -225.742462979 -0.707106781  0.000000000 -0.707106781   4
<     134   134   0  -343.620589099   -67.400000000  -143.683392889 -0.965925826  0.000000000 -0.258819045   4
<     133   133   0  -369.425855868   -67.400000000   -47.376826206 -0.965925826  0.000000000 -0.258819045   4
<     132   132   0  -369.425855868   -67.400000000    47.376826206 -0.965925826  0.000000000  0.258819045   4
<     131   131   0  -343.620589099   -67.400000000   143.683392889 -0.965925826  0.000000000  0.258819045   4
<     130   130   0  -296.243762893   -67.400000000   225.742462979 -0.707106781  0.000000000  0.707106781   4
<     129   129   0  -225.742462979   -67.400000000   296.243762893 -0.707106781  0.000000000  0.707106781   4
<     128   128   0  -143.683392889   -67.400000000   343.620589099 -0.258819045  0.000000000  0.965925826   4
<     127   127   0   -47.376826206   -67.400000000   369.425855868 -0.258819045  0.000000000  0.965925826   4
<     126   126   0    47.376826206   -67.400000000   369.425855868  0.258819045  0.000000000  0.965925826   4
<     125   125   0   143.683392889   -67.400000000   343.620589099  0.258819045  0.000000000  0.965925826   4
<     124   124   0   225.742462979   -67.400000000   296.243762893  0.707106781  0.000000000  0.707106781   4
<     123   123   0   296.243762893   -67.400000000   225.742462979  0.707106781  0.000000000  0.707106781   4
<     122   122   0   343.620589099   -67.400000000   143.683392889  0.965925826  0.000000000  0.258819045   4
<     121   121   0   369.425855868   -67.400000000    47.376826206  0.965925826  0.000000000  0.258819045   4
<     120   120   0   369.425855868    -0.000000000   -47.376826206  0.965925826  0.000000000 -0.258819045   4
<     119   119   0   343.620589099    -0.000000000  -143.683392889  0.965925826  0.000000000 -0.258819045   4
<     118   118   0   296.243762893    -0.000000000  -225.742462979  0.707106781  0.000000000 -0.707106781   4
<     117   117   0   225.742462979    -0.000000000  -296.243762893  0.707106781  0.000000000 -0.707106781   4
<     116   116   0   143.683392889    -0.000000000  -343.620589099  0.258819045  0.000000000 -0.965925826   4
<     115   115   0    47.376826206    -0.000000000  -369.425855868  0.258819045  0.000000000 -0.965925826   4
<     114   114   0   -47.376826206    -0.000000000  -369.425855868 -0.258819045  0.000000000 -0.965925826   4
<     113   113   0  -143.683392889    -0.000000000  -343.620589099 -0.258819045  0.000000000 -0.965925826   4
<     112   112   0  -225.742462979    -0.000000000  -296.243762893 -0.707106781  0.000000000 -0.707106781   4
<     111   111   0  -296.243762893    -0.000000000  -225.742462979 -0.707106781  0.000000000 -0.707106781   4
<     110   110   0  -343.620589099    -0.000000000  -143.683392889 -0.965925826  0.000000000 -0.258819045   4
<     109   109   0  -369.425855868    -0.000000000   -47.376826206 -0.965925826  0.000000000 -0.258819045   4
<     108   108   0  -369.425855868     0.000000000    47.376826206 -0.965925826  0.000000000  0.258819045   4
<     107   107   0  -343.620589099     0.000000000   143.683392889 -0.965925826  0.000000000  0.258819045   4
<     106   106   0  -296.243762893     0.000000000   225.742462979 -0.707106781  0.000000000  0.707106781   4
<     105   105   0  -225.742462979     0.000000000   296.243762893 -0.707106781  0.000000000  0.707106781   4
<     104   104   0  -143.683392889     0.000000000   343.620589099 -0.258819045  0.000000000  0.965925826   4
<     103   103   0   -47.376826206     0.000000000   369.425855868 -0.258819045  0.000000000  0.965925826   4
<     102   102   0    47.376826206     0.000000000   369.425855868  0.258819045  0.000000000  0.965925826   4
<     101   101   0   143.683392889     0.000000000   343.620589099  0.258819045  0.000000000  0.965925826   4
<     100   100   0   225.742462979     0.000000000   296.243762893  0.707106781  0.000000000  0.707106781   4
<      99    99   0   296.243762893     0.000000000   225.742462979  0.707106781  0.000000000  0.707106781   4
<      98    98   0   343.620589099     0.000000000   143.683392889  0.965925826  0.000000000  0.258819045   4
<      97    97   0   369.425855868     0.000000000    47.376826206  0.965925826  0.000000000  0.258819045   4
<      96    96   0   369.425855868    67.400000000   -47.376826206  0.965925826  0.000000000 -0.258819045   4
<      95    95   0   343.620589099    67.400000000  -143.683392889  0.965925826  0.000000000 -0.258819045   4
<      94    94   0   296.243762893    67.400000000  -225.742462979  0.707106781  0.000000000 -0.707106781   4
<      93    93   0   225.742462979    67.400000000  -296.243762893  0.707106781  0.000000000 -0.707106781   4
<      92    92   0   143.683392889    67.400000000  -343.620589099  0.258819045  0.000000000 -0.965925826   4
<      91    91   0    47.376826206    67.400000000  -369.425855868  0.258819045  0.000000000 -0.965925826   4
<      90    90   0   -47.376826206    67.400000000  -369.425855868 -0.258819045  0.000000000 -0.965925826   4
<      89    89   0  -143.683392889    67.400000000  -343.620589099 -0.258819045  0.000000000 -0.965925826   4
<      88    88   0  -225.742462979    67.400000000  -296.243762893 -0.707106781  0.000000000 -0.707106781   4
<      87    87   0  -296.243762893    67.400000000  -225.742462979 -0.707106781  0.000000000 -0.707106781   4
<      86    86   0  -343.620589099    67.400000000  -143.683392889 -0.965925826  0.000000000 -0.258819045   4
<      85    85   0  -369.425855868    67.400000000   -47.376826206 -0.965925826  0.000000000 -0.258819045   4
<      84    84   0  -369.425855868    67.400000000    47.376826206 -0.965925826  0.000000000  0.258819045   4
<      83    83   0  -343.620589099    67.400000000   143.683392889 -0.965925826  0.000000000  0.258819045   4
<      82    82   0  -296.243762893    67.400000000   225.742462979 -0.707106781  0.000000000  0.707106781   4
<      81    81   0  -225.742462979    67.400000000   296.243762893 -0.707106781  0.000000000  0.707106781   4
<      80    80   0  -143.683392889    67.400000000   343.620589099 -0.258819045  0.000000000  0.965925826   4
<      79    79   0   -47.376826206    67.400000000   369.425855868 -0.258819045  0.000000000  0.965925826   4
<      78    78   0    47.376826206    67.400000000   369.425855868  0.258819045  0.000000000  0.965925826   4
<      77    77   0   143.683392889    67.400000000   343.620589099  0.258819045  0.000000000  0.965925826   4
<      76    76   0   225.742462979    67.400000000   296.243762893  0.707106781  0.000000000  0.707106781   4
<      75    75   0   296.243762893    67.400000000   225.742462979  0.707106781  0.000000000  0.707106781   4
<      74    74   0   343.620589099    67.400000000   143.683392889  0.965925826  0.000000000  0.258819045   4
<      73    73   0   369.425855868    67.400000000    47.376826206  0.965925826  0.000000000  0.258819045   4
<      72    72   0   369.425855868   134.800000000   -47.376826206  0.965925826  0.000000000 -0.258819045   4
<      71    71   0   343.620589099   134.800000000  -143.683392889  0.965925826  0.000000000 -0.258819045   4
<      70    70   0   296.243762893   134.800000000  -225.742462979  0.707106781  0.000000000 -0.707106781   4
<      69    69   0   225.742462979   134.800000000  -296.243762893  0.707106781  0.000000000 -0.707106781   4
<      68    68   0   143.683392889   134.800000000  -343.620589099  0.258819045  0.000000000 -0.965925826   4
<      67    67   0    47.376826206   134.800000000  -369.425855868  0.258819045  0.000000000 -0.965925826   4
<      66    66   0   -47.376826206   134.800000000  -369.425855868 -0.258819045  0.000000000 -0.965925826   4
<      65    65   0  -143.683392889   134.800000000  -343.620589099 -0.258819045  0.000000000 -0.965925826   4
<      64    64   0  -225.742462979   134.800000000  -296.243762893 -0.707106781  0.000000000 -0.707106781   4
<      63    63   0  -296.243762893   134.800000000  -225.742462979 -0.707106781  0.000000000 -0.707106781   4
<      62    62   0  -343.620589099   134.800000000  -143.683392889 -0.965925826  0.000000000 -0.258819045   4
<      61    61   0  -369.425855868   134.800000000   -47.376826206 -0.965925826  0.000000000 -0.258819045   4
<      60    60   0  -369.425855868   134.800000000    47.376826206 -0.965925826  0.000000000  0.258819045   4
<      59    59   0  -343.620589099   134.800000000   143.683392889 -0.965925826  0.000000000  0.258819045   4
<      58    58   0  -296.243762893   134.800000000   225.742462979 -0.707106781  0.000000000  0.707106781   4
<      57    57   0  -225.742462979   134.800000000   296.243762893 -0.707106781  0.000000000  0.707106781   4
<      56    56   0  -143.683392889   134.800000000   343.620589099 -0.258819045  0.000000000  0.965925826   4
<      55    55   0   -47.376826206   134.800000000   369.425855868 -0.258819045  0.000000000  0.965925826   4
<      54    54   0    47.376826206   134.800000000   369.425855868  0.258819045  0.000000000  0.965925826   4
<      53    53   0   143.683392889   134.800000000   343.620589099  0.258819045  0.000000000  0.965925826   4
<      52    52   0   225.742462979   134.800000000   296.243762893  0.707106781  0.000000000  0.707106781   4
<      51    51   0   296.243762893   134.800000000   225.742462979  0.707106781  0.000000000  0.707106781   4
<      50    50   0   343.620589099   134.800000000   143.683392889  0.965925826  0.000000000  0.258819045   4
<      49    49   0   369.425855868   134.800000000    47.376826206  0.965925826  0.000000000  0.258819045   4
<      48    48   0   369.425855868   202.200000000   -47.376826206  0.965925826  0.000000000 -0.258819045   4
<      47    47   0   343.620589099   202.200000000  -143.683392889  0.965925826  0.000000000 -0.258819045   4
<      46    46   0   296.243762893   202.200000000  -225.742462979  0.707106781  0.000000000 -0.707106781   4
<      45    45   0   225.742462979   202.200000000  -296.243762893  0.707106781  0.000000000 -0.707106781   4
<      44    44   0   143.683392889   202.200000000  -343.620589099  0.258819045  0.000000000 -0.965925826   4
<      43    43   0    47.376826206   202.200000000  -369.425855868  0.258819045  0.000000000 -0.965925826   4
<      42    42   0   -47.376826206   202.200000000  -369.425855868 -0.258819045  0.000000000 -0.965925826   4
<      41    41   0  -143.683392889   202.200000000  -343.620589099 -0.258819045  0.000000000 -0.965925826   4
<      40    40   0  -225.742462979   202.200000000  -296.243762893 -0.707106781  0.000000000 -0.707106781   4
<      39    39   0  -296.243762893   202.200000000  -225.742462979 -0.707106781  0.000000000 -0.707106781   4
<      38    38   0  -343.620589099   202.200000000  -143.683392889 -0.965925826  0.000000000 -0.258819045   4
<      37    37   0  -369.425855868   202.200000000   -47.376826206 -0.965925826  0.000000000 -0.258819045   4
<      36    36   0  -369.425855868   202.200000000    47.376826206 -0.965925826  0.000000000  0.258819045   4
<      35    35   0  -343.620589099   202.200000000   143.683392889 -0.965925826  0.000000000  0.258819045   4
<      34    34   0  -296.243762893   202.200000000   225.742462979 -0.707106781  0.000000000  0.707106781   4
<      33    33   0  -225.742462979   202.200000000   296.243762893 -0.707106781  0.000000000  0.707106781   4
<      32    32   0  -143.683392889   202.200000000   343.620589099 -0.258819045  0.000000000  0.965925826   4
<      31    31   0   -47.376826206   202.200000000   369.425855868 -0.258819045  0.000000000  0.965925826   4
<      30    30   0    47.376826206   202.200000000   369.425855868  0.258819045  0.000000000  0.965925826   4
<      29    29   0   143.683392889   202.200000000   343.620589099  0.258819045  0.000000000  0.965925826   4
<      28    28   0   225.742462979   202.200000000   296.243762893  0.707106781  0.000000000  0.707106781   4
<      27    27   0   296.243762893   202.200000000   225.742462979  0.707106781  0.000000000  0.707106781   4
<      26    26   0   343.620589099   202.200000000   143.683392889  0.965925826  0.000000000  0.258819045   4
<      25    25   0   369.425855868   202.200000000    47.376826206  0.965925826  0.000000000  0.258819045   4
<      24    24   0   369.425855868   269.600000000   -47.376826206  0.965925826  0.000000000 -0.258819045   4
<      23    23   0   343.620589099   269.600000000  -143.683392889  0.965925826  0.000000000 -0.258819045   4
<      22    22   0   296.243762893   269.600000000  -225.742462979  0.707106781  0.000000000 -0.707106781   4
<      21    21   0   225.742462979   269.600000000  -296.243762893  0.707106781  0.000000000 -0.707106781   4
<      20    20   0   143.683392889   269.600000000  -343.620589099  0.258819045  0.000000000 -0.965925826   4
<      19    19   0    47.376826206   269.600000000  -369.425855868  0.258819045  0.000000000 -0.965925826   4
<      18    18   0   -47.376826206   269.600000000  -369.425855868 -0.258819045  0.000000000 -0.965925826   4
<      17    17   0  -143.683392889   269.600000000  -343.620589099 -0.258819045  0.000000000 -0.965925826   4
<      16    16   0  -225.742462979   269.600000000  -296.243762893 -0.707106781  0.000000000 -0.707106781   4
<      15    15   0  -296.243762893   269.600000000  -225.742462979 -0.707106781  0.000000000 -0.707106781   4
<      14    14   0  -343.620589099   269.600000000  -143.683392889 -0.965925826  0.000000000 -0.258819045   4
<      13    13   0  -369.425855868   269.600000000   -47.376826206 -0.965925826  0.000000000 -0.258819045   4
<      12    12   0  -369.425855868   269.600000000    47.376826206 -0.965925826  0.000000000  0.258819045   4
<      11    11   0  -343.620589099   269.600000000   143.683392889 -0.965925826  0.000000000  0.258819045   4
<      10    10   0  -296.243762893   269.600000000   225.742462979 -0.707106781  0.000000000  0.707106781   4
<       9     9   0  -225.742462979   269.600000000   296.243762893 -0.707106781  0.000000000  0.707106781   4
<       8     8   0  -143.683392889   269.600000000   343.620589099 -0.258819045  0.000000000  0.965925826   4
<       7     7   0   -47.376826206   269.600000000   369.425855868 -0.258819045  0.000000000  0.965925826   4
<       6     6   0    47.376826206   269.600000000   369.425855868  0.258819045  0.000000000  0.965925826   4
<       5     5   0   143.683392889   269.600000000   343.620589099  0.258819045  0.000000000  0.965925826   4
<       4     4   0   225.742462979   269.600000000   296.243762893  0.707106781  0.000000000  0.707106781   4
<       3     3   0   296.243762893   269.600000000   225.742462979  0.707106781  0.000000000  0.707106781   4
<       2     2   0   343.620589099   269.600000000   143.683392889  0.965925826  0.000000000  0.258819045   4
<       1     1   0   369.425855868   269.600000000    47.376826206  0.965925826  0.000000000  0.258819045   4
---
>     104   104   0   296.034692357   417.100000000   126.872011010 -0.000000000  1.000000000 -0.000000000   4
>     103   103   0   296.034692357   417.100000000    42.290670337 -0.000000000  1.000000000 -0.000000000   4
>     102   102   0   296.034692357   417.100000000   -42.290670337 -0.000000000  1.000000000 -0.000000000   4
>     101   101   0   296.034692357   417.100000000  -126.872011010 -0.000000000  1.000000000 -0.000000000   4
>     100   100   0   211.453351684   417.100000000   211.453351684 -0.000000000  1.000000000 -0.000000000   4
>      99    99   0   211.453351684   417.100000000   126.872011010 -0.000000000  1.000000000 -0.000000000   4
>      98    98   0   211.453351684   417.100000000    42.290670337 -0.000000000  1.000000000 -0.000000000   4
>      97    97   0   211.453351684   417.100000000   -42.290670337 -0.000000000  1.000000000 -0.000000000   4
>      96    96   0   211.453351684   417.100000000  -126.872011010 -0.000000000  1.000000000 -0.000000000   4
>      95    95   0   211.453351684   417.100000000  -211.453351684 -0.000000000  1.000000000 -0.000000000   4
>      94    94   0   126.872011010   417.100000000   296.034692357 -0.000000000  1.000000000 -0.000000000   4
>      93    93   0   126.872011010   417.100000000   211.453351684 -0.000000000  1.000000000 -0.000000000   4
>      92    92   0   126.872011010   417.100000000   126.872011010 -0.000000000  1.000000000 -0.000000000   4
>      91    91   0   126.872011010   417.100000000    42.290670337 -0.000000000  1.000000000 -0.000000000   4
>      90    90   0   126.872011010   417.100000000   -42.290670337 -0.000000000  1.000000000 -0.000000000   4
>      89    89   0   126.872011010   417.100000000  -126.872011010 -0.000000000  1.000000000 -0.000000000   4
>      88    88   0   126.872011010   417.100000000  -211.453351684 -0.000000000  1.000000000 -0.000000000   4
>      87    87   0   126.872011010   417.100000000  -296.034692357 -0.000000000  1.000000000 -0.000000000   4
>      86    86   0    42.290670337   417.100000000   296.034692357 -0.000000000  1.000000000 -0.000000000   4
>      85    85   0    42.290670337   417.100000000   211.453351684 -0.000000000  1.000000000 -0.000000000   4
>      84    84   0    42.290670337   417.100000000   126.872011010 -0.000000000  1.000000000 -0.000000000   4
>      83    83   0    42.290670337   417.100000000    42.290670337 -0.000000000  1.000000000 -0.000000000   4
>      82    82   0    42.290670337   417.100000000   -42.290670337 -0.000000000  1.000000000 -0.000000000   4
>      81    81   0    42.290670337   417.100000000  -126.872011010 -0.000000000  1.000000000 -0.000000000   4
>      80    80   0    42.290670337   417.100000000  -211.453351684 -0.000000000  1.000000000 -0.000000000   4
>      79    79   0    42.290670337   417.100000000  -296.034692357 -0.000000000  1.000000000 -0.000000000   4
>      78    78   0   -42.290670337   417.100000000   296.034692357 -0.000000000  1.000000000 -0.000000000   4
>      77    77   0   -42.290670337   417.100000000   211.453351684 -0.000000000  1.000000000 -0.000000000   4
>      76    76   0   -42.290670337   417.100000000   126.872011010 -0.000000000  1.000000000 -0.000000000   4
>      75    75   0   -42.290670337   417.100000000    42.290670337 -0.000000000  1.000000000 -0.000000000   4
>      74    74   0   -42.290670337   417.100000000   -42.290670337 -0.000000000  1.000000000 -0.000000000   4
>      73    73   0   -42.290670337   417.100000000  -126.872011010 -0.000000000  1.000000000 -0.000000000   4
>      72    72   0   -42.290670337   417.100000000  -211.453351684 -0.000000000  1.000000000 -0.000000000   4
>      71    71   0   -42.290670337   417.100000000  -296.034692357 -0.000000000  1.000000000 -0.000000000   4
>      70    70   0  -126.872011010   417.100000000   296.034692357 -0.000000000  1.000000000 -0.000000000   4
>      69    69   0  -126.872011010   417.100000000   211.453351684 -0.000000000  1.000000000 -0.000000000   4
>      68    68   0  -126.872011010   417.100000000   126.872011010 -0.000000000  1.000000000 -0.000000000   4
>      67    67   0  -126.872011010   417.100000000    42.290670337 -0.000000000  1.000000000 -0.000000000   4
>      66    66   0  -126.872011010   417.100000000   -42.290670337 -0.000000000  1.000000000 -0.000000000   4
>      65    65   0  -126.872011010   417.100000000  -126.872011010 -0.000000000  1.000000000 -0.000000000   4
>      64    64   0  -126.872011010   417.100000000  -211.453351684 -0.000000000  1.000000000 -0.000000000   4
>      63    63   0  -126.872011010   417.100000000  -296.034692357 -0.000000000  1.000000000 -0.000000000   4
>      62    62   0  -211.453351684   417.100000000   211.453351684 -0.000000000  1.000000000 -0.000000000   4
>      61    61   0  -211.453351684   417.100000000   126.872011010 -0.000000000  1.000000000 -0.000000000   4
>      60    60   0  -211.453351684   417.100000000    42.290670337 -0.000000000  1.000000000 -0.000000000   4
>      59    59   0  -211.453351684   417.100000000   -42.290670337 -0.000000000  1.000000000 -0.000000000   4
>      58    58   0  -211.453351684   417.100000000  -126.872011010 -0.000000000  1.000000000 -0.000000000   4
>      57    57   0  -211.453351684   417.100000000  -211.453351684 -0.000000000  1.000000000 -0.000000000   4
>      56    56   0  -296.034692357   417.100000000   126.872011010 -0.000000000  1.000000000 -0.000000000   4
>      55    55   0  -296.034692357   417.100000000    42.290670337 -0.000000000  1.000000000 -0.000000000   4
>      54    54   0  -296.034692357   417.100000000   -42.290670337 -0.000000000  1.000000000 -0.000000000   4
>      53    53   0  -296.034692357   417.100000000  -126.872011010 -0.000000000  1.000000000 -0.000000000   4
>      52    52   0   296.034692357  -417.100000000   126.872011010  0.000000000 -1.000000000  0.000000000   4
>      51    51   0   296.034692357  -417.100000000    42.290670337  0.000000000 -1.000000000  0.000000000   4
>      50    50   0   296.034692357  -417.100000000   -42.290670337  0.000000000 -1.000000000  0.000000000   4
>      49    49   0   296.034692357  -417.100000000  -126.872011010  0.000000000 -1.000000000  0.000000000   4
>      48    48   0   211.453351684  -417.100000000   211.453351684  0.000000000 -1.000000000  0.000000000   4
>      47    47   0   211.453351684  -417.100000000   126.872011010  0.000000000 -1.000000000  0.000000000   4
>      46    46   0   211.453351684  -417.100000000    42.290670337  0.000000000 -1.000000000  0.000000000   4
>      45    45   0   211.453351684  -417.100000000   -42.290670337  0.000000000 -1.000000000  0.000000000   4
>      44    44   0   211.453351684  -417.100000000  -126.872011010  0.000000000 -1.000000000  0.000000000   4
>      43    43   0   211.453351684  -417.100000000  -211.453351684  0.000000000 -1.000000000  0.000000000   4
>      42    42   0   126.872011010  -417.100000000   296.034692357  0.000000000 -1.000000000  0.000000000   4
>      41    41   0   126.872011010  -417.100000000   211.453351684  0.000000000 -1.000000000  0.000000000   4
>      40    40   0   126.872011010  -417.100000000   126.872011010  0.000000000 -1.000000000  0.000000000   4
>      39    39   0   126.872011010  -417.100000000    42.290670337  0.000000000 -1.000000000  0.000000000   4
>      38    38   0   126.872011010  -417.100000000   -42.290670337  0.000000000 -1.000000000  0.000000000   4
>      37    37   0   126.872011010  -417.100000000  -126.872011010  0.000000000 -1.000000000  0.000000000   4
>      36    36   0   126.872011010  -417.100000000  -211.453351684  0.000000000 -1.000000000  0.000000000   4
>      35    35   0   126.872011010  -417.100000000  -296.034692357  0.000000000 -1.000000000  0.000000000   4
>      34    34   0    42.290670337  -417.100000000   296.034692357  0.000000000 -1.000000000  0.000000000   4
>      33    33   0    42.290670337  -417.100000000   211.453351684  0.000000000 -1.000000000  0.000000000   4
>      32    32   0    42.290670337  -417.100000000   126.872011010  0.000000000 -1.000000000  0.000000000   4
>      31    31   0    42.290670337  -417.100000000    42.290670337  0.000000000 -1.000000000  0.000000000   4
>      30    30   0    42.290670337  -417.100000000   -42.290670337  0.000000000 -1.000000000  0.000000000   4
>      29    29   0    42.290670337  -417.100000000  -126.872011010  0.000000000 -1.000000000  0.000000000   4
>      28    28   0    42.290670337  -417.100000000  -211.453351684  0.000000000 -1.000000000  0.000000000   4
>      27    27   0    42.290670337  -417.100000000  -296.034692357  0.000000000 -1.000000000  0.000000000   4
>      26    26   0   -42.290670337  -417.100000000   296.034692357  0.000000000 -1.000000000  0.000000000   4
>      25    25   0   -42.290670337  -417.100000000   211.453351684  0.000000000 -1.000000000  0.000000000   4
>      24    24   0   -42.290670337  -417.100000000   126.872011010  0.000000000 -1.000000000  0.000000000   4
>      23    23   0   -42.290670337  -417.100000000    42.290670337  0.000000000 -1.000000000  0.000000000   4
>      22    22   0   -42.290670337  -417.100000000   -42.290670337  0.000000000 -1.000000000  0.000000000   4
>      21    21   0   -42.290670337  -417.100000000  -126.872011010  0.000000000 -1.000000000  0.000000000   4
>      20    20   0   -42.290670337  -417.100000000  -211.453351684  0.000000000 -1.000000000  0.000000000   4
>      19    19   0   -42.290670337  -417.100000000  -296.034692357  0.000000000 -1.000000000  0.000000000   4
>      18    18   0  -126.872011010  -417.100000000   296.034692357  0.000000000 -1.000000000  0.000000000   4
>      17    17   0  -126.872011010  -417.100000000   211.453351684  0.000000000 -1.000000000  0.000000000   4
>      16    16   0  -126.872011010  -417.100000000   126.872011010  0.000000000 -1.000000000  0.000000000   4
>      15    15   0  -126.872011010  -417.100000000    42.290670337  0.000000000 -1.000000000  0.000000000   4
>      14    14   0  -126.872011010  -417.100000000   -42.290670337  0.000000000 -1.000000000  0.000000000   4
>      13    13   0  -126.872011010  -417.100000000  -126.872011010  0.000000000 -1.000000000  0.000000000   4
>      12    12   0  -126.872011010  -417.100000000  -211.453351684  0.000000000 -1.000000000  0.000000000   4
>      11    11   0  -126.872011010  -417.100000000  -296.034692357  0.000000000 -1.000000000  0.000000000   4
>      10    10   0  -211.453351684  -417.100000000   211.453351684  0.000000000 -1.000000000  0.000000000   4
>       9     9   0  -211.453351684  -417.100000000   126.872011010  0.000000000 -1.000000000  0.000000000   4
>       8     8   0  -211.453351684  -417.100000000    42.290670337  0.000000000 -1.000000000  0.000000000   4
>       7     7   0  -211.453351684  -417.100000000   -42.290670337  0.000000000 -1.000000000  0.000000000   4
>       6     6   0  -211.453351684  -417.100000000  -126.872011010  0.000000000 -1.000000000  0.000000000   4
>       5     5   0  -211.453351684  -417.100000000  -211.453351684  0.000000000 -1.000000000  0.000000000   4
>       4     4   0  -296.034692357  -417.100000000   126.872011010  0.000000000 -1.000000000  0.000000000   4
>       3     3   0  -296.034692357  -417.100000000    42.290670337  0.000000000 -1.000000000  0.000000000   4
>       2     2   0  -296.034692357  -417.100000000   -42.290670337  0.000000000 -1.000000000  0.000000000   4
>       1     1   0  -296.034692357  -417.100000000  -126.872011010  0.000000000 -1.000000000  0.000000000   4
