12c12
<    7670   404  13   288.354411148   393.042579787   119.951719501  0.309016994 -0.951056516  0.000000000   1
---
>    7670   404  13   288.354411148   393.042579787   119.951719501  0.309016994 -0.951056516 -0.000000000   1
31c31
<    7651   403  13   288.354411148   393.042579787    39.983906500  0.309016994 -0.951056516  0.000000000   1
---
>    7651   403  13   288.354411148   393.042579787    39.983906500  0.309016994 -0.951056516 -0.000000000   1
50c50
<    7632   402  13   288.354411148   393.042579787   -39.983906500  0.309016994 -0.951056516  0.000000000   1
---
>    7632   402  13   288.354411148   393.042579787   -39.983906500  0.309016994 -0.951056516 -0.000000000   1
69c69
<    7613   401  13   288.354411148   393.042579787  -119.951719501  0.309016994 -0.951056516  0.000000000   1
---
>    7613   401  13   288.354411148   393.042579787  -119.951719501  0.309016994 -0.951056516 -0.000000000   1
88c88
<    7594   400  13   208.386598147   393.042579787   199.919532501  0.309016994 -0.951056516  0.000000000   1
---
>    7594   400  13   208.386598147   393.042579787   199.919532501  0.309016994 -0.951056516 -0.000000000   1
107c107
<    7575   399  13   208.386598147   393.042579787   119.951719501  0.309016994 -0.951056516  0.000000000   1
---
>    7575   399  13   208.386598147   393.042579787   119.951719501  0.309016994 -0.951056516 -0.000000000   1
126c126
<    7556   398  13   208.386598147   393.042579787    39.983906500  0.309016994 -0.951056516  0.000000000   1
---
>    7556   398  13   208.386598147   393.042579787    39.983906500  0.309016994 -0.951056516 -0.000000000   1
145c145
<    7537   397  13   208.386598147   393.042579787   -39.983906500  0.309016994 -0.951056516  0.000000000   1
---
>    7537   397  13   208.386598147   393.042579787   -39.983906500  0.309016994 -0.951056516 -0.000000000   1
164c164
<    7518   396  13   208.386598147   393.042579787  -119.951719501  0.309016994 -0.951056516  0.000000000   1
---
>    7518   396  13   208.386598147   393.042579787  -119.951719501  0.309016994 -0.951056516 -0.000000000   1
183c183
<    7499   395  13   208.386598147   393.042579787  -199.919532501  0.309016994 -0.951056516  0.000000000   1
---
>    7499   395  13   208.386598147   393.042579787  -199.919532501  0.309016994 -0.951056516 -0.000000000   1
202c202
<    7480   394  13   128.418785147   393.042579787   279.887345502  0.309016994 -0.951056516  0.000000000   1
---
>    7480   394  13   128.418785147   393.042579787   279.887345502  0.309016994 -0.951056516 -0.000000000   1
221c221
<    7461   393  13   128.418785147   393.042579787   199.919532501  0.309016994 -0.951056516  0.000000000   1
---
>    7461   393  13   128.418785147   393.042579787   199.919532501  0.309016994 -0.951056516 -0.000000000   1
240c240
<    7442   392  13   128.418785147   393.042579787   119.951719501  0.309016994 -0.951056516  0.000000000   1
---
>    7442   392  13   128.418785147   393.042579787   119.951719501  0.309016994 -0.951056516 -0.000000000   1
259c259
<    7423   391  13   128.418785147   393.042579787    39.983906500  0.309016994 -0.951056516  0.000000000   1
---
>    7423   391  13   128.418785147   393.042579787    39.983906500  0.309016994 -0.951056516 -0.000000000   1
278c278
<    7404   390  13   128.418785147   393.042579787   -39.983906500  0.309016994 -0.951056516  0.000000000   1
---
>    7404   390  13   128.418785147   393.042579787   -39.983906500  0.309016994 -0.951056516 -0.000000000   1
297c297
<    7385   389  13   128.418785147   393.042579787  -119.951719501  0.309016994 -0.951056516  0.000000000   1
---
>    7385   389  13   128.418785147   393.042579787  -119.951719501  0.309016994 -0.951056516 -0.000000000   1
316c316
<    7366   388  13   128.418785147   393.042579787  -199.919532501  0.309016994 -0.951056516  0.000000000   1
---
>    7366   388  13   128.418785147   393.042579787  -199.919532501  0.309016994 -0.951056516 -0.000000000   1
335c335
<    7347   387  13   128.418785147   393.042579787  -279.887345502  0.309016994 -0.951056516  0.000000000   1
---
>    7347   387  13   128.418785147   393.042579787  -279.887345502  0.309016994 -0.951056516 -0.000000000   1
354c354
<    7328   386  13    48.450972146   393.042579787   279.887345502  0.309016994 -0.951056516  0.000000000   1
---
>    7328   386  13    48.450972146   393.042579787   279.887345502  0.309016994 -0.951056516 -0.000000000   1
373c373
<    7309   385  13    48.450972146   393.042579787   199.919532501  0.309016994 -0.951056516  0.000000000   1
---
>    7309   385  13    48.450972146   393.042579787   199.919532501  0.309016994 -0.951056516 -0.000000000   1
392c392
<    7290   384  13    48.450972146   393.042579787   119.951719501  0.309016994 -0.951056516  0.000000000   1
---
>    7290   384  13    48.450972146   393.042579787   119.951719501  0.309016994 -0.951056516 -0.000000000   1
411c411
<    7271   383  13    48.450972146   393.042579787    39.983906500  0.309016994 -0.951056516  0.000000000   1
---
>    7271   383  13    48.450972146   393.042579787    39.983906500  0.309016994 -0.951056516 -0.000000000   1
430c430
<    7252   382  13    48.450972146   393.042579787   -39.983906500  0.309016994 -0.951056516  0.000000000   1
---
>    7252   382  13    48.450972146   393.042579787   -39.983906500  0.309016994 -0.951056516 -0.000000000   1
449c449
<    7233   381  13    48.450972146   393.042579787  -119.951719501  0.309016994 -0.951056516  0.000000000   1
---
>    7233   381  13    48.450972146   393.042579787  -119.951719501  0.309016994 -0.951056516 -0.000000000   1
468c468
<    7214   380  13    48.450972146   393.042579787  -199.919532501  0.309016994 -0.951056516  0.000000000   1
---
>    7214   380  13    48.450972146   393.042579787  -199.919532501  0.309016994 -0.951056516 -0.000000000   1
487c487
<    7195   379  13    48.450972146   393.042579787  -279.887345502  0.309016994 -0.951056516  0.000000000   1
---
>    7195   379  13    48.450972146   393.042579787  -279.887345502  0.309016994 -0.951056516 -0.000000000   1
506c506
<    7176   378  13   -31.516840854   393.042579787   279.887345502  0.309016994 -0.951056516  0.000000000   1
---
>    7176   378  13   -31.516840854   393.042579787   279.887345502  0.309016994 -0.951056516 -0.000000000   1
525c525
<    7157   377  13   -31.516840854   393.042579787   199.919532501  0.309016994 -0.951056516  0.000000000   1
---
>    7157   377  13   -31.516840854   393.042579787   199.919532501  0.309016994 -0.951056516 -0.000000000   1
544c544
<    7138   376  13   -31.516840854   393.042579787   119.951719501  0.309016994 -0.951056516  0.000000000   1
---
>    7138   376  13   -31.516840854   393.042579787   119.951719501  0.309016994 -0.951056516 -0.000000000   1
563c563
<    7119   375  13   -31.516840854   393.042579787    39.983906500  0.309016994 -0.951056516  0.000000000   1
---
>    7119   375  13   -31.516840854   393.042579787    39.983906500  0.309016994 -0.951056516 -0.000000000   1
582c582
<    7100   374  13   -31.516840854   393.042579787   -39.983906500  0.309016994 -0.951056516  0.000000000   1
---
>    7100   374  13   -31.516840854   393.042579787   -39.983906500  0.309016994 -0.951056516 -0.000000000   1
601c601
<    7081   373  13   -31.516840854   393.042579787  -119.951719501  0.309016994 -0.951056516  0.000000000   1
---
>    7081   373  13   -31.516840854   393.042579787  -119.951719501  0.309016994 -0.951056516 -0.000000000   1
620c620
<    7062   372  13   -31.516840854   393.042579787  -199.919532501  0.309016994 -0.951056516  0.000000000   1
---
>    7062   372  13   -31.516840854   393.042579787  -199.919532501  0.309016994 -0.951056516 -0.000000000   1
639c639
<    7043   371  13   -31.516840854   393.042579787  -279.887345502  0.309016994 -0.951056516  0.000000000   1
---
>    7043   371  13   -31.516840854   393.042579787  -279.887345502  0.309016994 -0.951056516 -0.000000000   1
658c658
<    7024   370  13  -111.484653855   393.042579787   279.887345502  0.309016994 -0.951056516  0.000000000   1
---
>    7024   370  13  -111.484653855   393.042579787   279.887345502  0.309016994 -0.951056516 -0.000000000   1
677c677
<    7005   369  13  -111.484653855   393.042579787   199.919532501  0.309016994 -0.951056516  0.000000000   1
---
>    7005   369  13  -111.484653855   393.042579787   199.919532501  0.309016994 -0.951056516 -0.000000000   1
696c696
<    6986   368  13  -111.484653855   393.042579787   119.951719501  0.309016994 -0.951056516  0.000000000   1
---
>    6986   368  13  -111.484653855   393.042579787   119.951719501  0.309016994 -0.951056516 -0.000000000   1
715c715
<    6967   367  13  -111.484653855   393.042579787    39.983906500  0.309016994 -0.951056516  0.000000000   1
---
>    6967   367  13  -111.484653855   393.042579787    39.983906500  0.309016994 -0.951056516 -0.000000000   1
734c734
<    6948   366  13  -111.484653855   393.042579787   -39.983906500  0.309016994 -0.951056516  0.000000000   1
---
>    6948   366  13  -111.484653855   393.042579787   -39.983906500  0.309016994 -0.951056516 -0.000000000   1
753c753
<    6929   365  13  -111.484653855   393.042579787  -119.951719501  0.309016994 -0.951056516  0.000000000   1
---
>    6929   365  13  -111.484653855   393.042579787  -119.951719501  0.309016994 -0.951056516 -0.000000000   1
772c772
<    6910   364  13  -111.484653855   393.042579787  -199.919532501  0.309016994 -0.951056516  0.000000000   1
---
>    6910   364  13  -111.484653855   393.042579787  -199.919532501  0.309016994 -0.951056516 -0.000000000   1
791c791
<    6891   363  13  -111.484653855   393.042579787  -279.887345502  0.309016994 -0.951056516  0.000000000   1
---
>    6891   363  13  -111.484653855   393.042579787  -279.887345502  0.309016994 -0.951056516 -0.000000000   1
810c810
<    6872   362  13  -191.452466855   393.042579787   199.919532501  0.309016994 -0.951056516  0.000000000   1
---
>    6872   362  13  -191.452466855   393.042579787   199.919532501  0.309016994 -0.951056516 -0.000000000   1
829c829
<    6853   361  13  -191.452466855   393.042579787   119.951719501  0.309016994 -0.951056516  0.000000000   1
---
>    6853   361  13  -191.452466855   393.042579787   119.951719501  0.309016994 -0.951056516 -0.000000000   1
848c848
<    6834   360  13  -191.452466855   393.042579787    39.983906500  0.309016994 -0.951056516  0.000000000   1
---
>    6834   360  13  -191.452466855   393.042579787    39.983906500  0.309016994 -0.951056516 -0.000000000   1
867c867
<    6815   359  13  -191.452466855   393.042579787   -39.983906500  0.309016994 -0.951056516  0.000000000   1
---
>    6815   359  13  -191.452466855   393.042579787   -39.983906500  0.309016994 -0.951056516 -0.000000000   1
886c886
<    6796   358  13  -191.452466855   393.042579787  -119.951719501  0.309016994 -0.951056516  0.000000000   1
---
>    6796   358  13  -191.452466855   393.042579787  -119.951719501  0.309016994 -0.951056516 -0.000000000   1
905c905
<    6777   357  13  -191.452466855   393.042579787  -199.919532501  0.309016994 -0.951056516  0.000000000   1
---
>    6777   357  13  -191.452466855   393.042579787  -199.919532501  0.309016994 -0.951056516 -0.000000000   1
924c924
<    6758   356  13  -271.420279856   393.042579787   119.951719501  0.309016994 -0.951056516  0.000000000   1
---
>    6758   356  13  -271.420279856   393.042579787   119.951719501  0.309016994 -0.951056516 -0.000000000   1
943c943
<    6739   355  13  -271.420279856   393.042579787    39.983906500  0.309016994 -0.951056516  0.000000000   1
---
>    6739   355  13  -271.420279856   393.042579787    39.983906500  0.309016994 -0.951056516 -0.000000000   1
962c962
<    6720   354  13  -271.420279856   393.042579787   -39.983906500  0.309016994 -0.951056516  0.000000000   1
---
>    6720   354  13  -271.420279856   393.042579787   -39.983906500  0.309016994 -0.951056516 -0.000000000   1
981c981
<    6701   353  13  -271.420279856   393.042579787  -119.951719501  0.309016994 -0.951056516  0.000000000   1
---
>    6701   353  13  -271.420279856   393.042579787  -119.951719501  0.309016994 -0.951056516 -0.000000000   1
1567c1567
<    6115   322  16   288.354411148  -393.042579787   119.951719501  0.309016994  0.951056516 -0.000000000   1
---
>    6115   322  16   288.354411148  -393.042579787   119.951719501  0.309016994  0.951056516  0.000000000   1
1586c1586
<    6096   321  16   288.354411148  -393.042579787    39.983906500  0.309016994  0.951056516 -0.000000000   1
---
>    6096   321  16   288.354411148  -393.042579787    39.983906500  0.309016994  0.951056516  0.000000000   1
1605c1605
<    6077   320  16   288.354411148  -393.042579787   -39.983906500  0.309016994  0.951056516 -0.000000000   1
---
>    6077   320  16   288.354411148  -393.042579787   -39.983906500  0.309016994  0.951056516  0.000000000   1
1624c1624
<    6058   319  16   288.354411148  -393.042579787  -119.951719501  0.309016994  0.951056516 -0.000000000   1
---
>    6058   319  16   288.354411148  -393.042579787  -119.951719501  0.309016994  0.951056516  0.000000000   1
1643c1643
<    6039   318  16   208.386598147  -393.042579787   199.919532501  0.309016994  0.951056516 -0.000000000   1
---
>    6039   318  16   208.386598147  -393.042579787   199.919532501  0.309016994  0.951056516  0.000000000   1
1662c1662
<    6020   317  16   208.386598147  -393.042579787   119.951719501  0.309016994  0.951056516 -0.000000000   1
---
>    6020   317  16   208.386598147  -393.042579787   119.951719501  0.309016994  0.951056516  0.000000000   1
1681c1681
<    6001   316  16   208.386598147  -393.042579787    39.983906500  0.309016994  0.951056516 -0.000000000   1
---
>    6001   316  16   208.386598147  -393.042579787    39.983906500  0.309016994  0.951056516  0.000000000   1
1700c1700
<    5982   315  16   208.386598147  -393.042579787   -39.983906500  0.309016994  0.951056516 -0.000000000   1
---
>    5982   315  16   208.386598147  -393.042579787   -39.983906500  0.309016994  0.951056516  0.000000000   1
1719c1719
<    5963   314  16   208.386598147  -393.042579787  -119.951719501  0.309016994  0.951056516 -0.000000000   1
---
>    5963   314  16   208.386598147  -393.042579787  -119.951719501  0.309016994  0.951056516  0.000000000   1
1738c1738
<    5944   313  16   208.386598147  -393.042579787  -199.919532501  0.309016994  0.951056516 -0.000000000   1
---
>    5944   313  16   208.386598147  -393.042579787  -199.919532501  0.309016994  0.951056516  0.000000000   1
1757c1757
<    5925   312  16   128.418785147  -393.042579787   279.887345502  0.309016994  0.951056516 -0.000000000   1
---
>    5925   312  16   128.418785147  -393.042579787   279.887345502  0.309016994  0.951056516  0.000000000   1
1776c1776
<    5906   311  16   128.418785147  -393.042579787   199.919532501  0.309016994  0.951056516 -0.000000000   1
---
>    5906   311  16   128.418785147  -393.042579787   199.919532501  0.309016994  0.951056516  0.000000000   1
1795c1795
<    5887   310  16   128.418785147  -393.042579787   119.951719501  0.309016994  0.951056516 -0.000000000   1
---
>    5887   310  16   128.418785147  -393.042579787   119.951719501  0.309016994  0.951056516  0.000000000   1
1814c1814
<    5868   309  16   128.418785147  -393.042579787    39.983906500  0.309016994  0.951056516 -0.000000000   1
---
>    5868   309  16   128.418785147  -393.042579787    39.983906500  0.309016994  0.951056516  0.000000000   1
1833c1833
<    5849   308  16   128.418785147  -393.042579787   -39.983906500  0.309016994  0.951056516 -0.000000000   1
---
>    5849   308  16   128.418785147  -393.042579787   -39.983906500  0.309016994  0.951056516  0.000000000   1
1852c1852
<    5830   307  16   128.418785147  -393.042579787  -119.951719501  0.309016994  0.951056516 -0.000000000   1
---
>    5830   307  16   128.418785147  -393.042579787  -119.951719501  0.309016994  0.951056516  0.000000000   1
1871c1871
<    5811   306  16   128.418785147  -393.042579787  -199.919532501  0.309016994  0.951056516 -0.000000000   1
---
>    5811   306  16   128.418785147  -393.042579787  -199.919532501  0.309016994  0.951056516  0.000000000   1
1890c1890
<    5792   305  16   128.418785147  -393.042579787  -279.887345502  0.309016994  0.951056516 -0.000000000   1
---
>    5792   305  16   128.418785147  -393.042579787  -279.887345502  0.309016994  0.951056516  0.000000000   1
1909c1909
<    5773   304  16    48.450972146  -393.042579787   279.887345502  0.309016994  0.951056516 -0.000000000   1
---
>    5773   304  16    48.450972146  -393.042579787   279.887345502  0.309016994  0.951056516  0.000000000   1
1928c1928
<    5754   303  16    48.450972146  -393.042579787   199.919532501  0.309016994  0.951056516 -0.000000000   1
---
>    5754   303  16    48.450972146  -393.042579787   199.919532501  0.309016994  0.951056516  0.000000000   1
1947c1947
<    5735   302  16    48.450972146  -393.042579787   119.951719501  0.309016994  0.951056516 -0.000000000   1
---
>    5735   302  16    48.450972146  -393.042579787   119.951719501  0.309016994  0.951056516  0.000000000   1
1966c1966
<    5716   301  16    48.450972146  -393.042579787    39.983906500  0.309016994  0.951056516 -0.000000000   1
---
>    5716   301  16    48.450972146  -393.042579787    39.983906500  0.309016994  0.951056516  0.000000000   1
1985c1985
<    5697   300  16    48.450972146  -393.042579787   -39.983906500  0.309016994  0.951056516 -0.000000000   1
---
>    5697   300  16    48.450972146  -393.042579787   -39.983906500  0.309016994  0.951056516  0.000000000   1
2004c2004
<    5678   299  16    48.450972146  -393.042579787  -119.951719501  0.309016994  0.951056516 -0.000000000   1
---
>    5678   299  16    48.450972146  -393.042579787  -119.951719501  0.309016994  0.951056516  0.000000000   1
2023c2023
<    5659   298  16    48.450972146  -393.042579787  -199.919532501  0.309016994  0.951056516 -0.000000000   1
---
>    5659   298  16    48.450972146  -393.042579787  -199.919532501  0.309016994  0.951056516  0.000000000   1
2042c2042
<    5640   297  16    48.450972146  -393.042579787  -279.887345502  0.309016994  0.951056516 -0.000000000   1
---
>    5640   297  16    48.450972146  -393.042579787  -279.887345502  0.309016994  0.951056516  0.000000000   1
2061c2061
<    5621   296  16   -31.516840854  -393.042579787   279.887345502  0.309016994  0.951056516 -0.000000000   1
---
>    5621   296  16   -31.516840854  -393.042579787   279.887345502  0.309016994  0.951056516  0.000000000   1
2080c2080
<    5602   295  16   -31.516840854  -393.042579787   199.919532501  0.309016994  0.951056516 -0.000000000   1
---
>    5602   295  16   -31.516840854  -393.042579787   199.919532501  0.309016994  0.951056516  0.000000000   1
2099c2099
<    5583   294  16   -31.516840854  -393.042579787   119.951719501  0.309016994  0.951056516 -0.000000000   1
---
>    5583   294  16   -31.516840854  -393.042579787   119.951719501  0.309016994  0.951056516  0.000000000   1
2118c2118
<    5564   293  16   -31.516840854  -393.042579787    39.983906500  0.309016994  0.951056516 -0.000000000   1
---
>    5564   293  16   -31.516840854  -393.042579787    39.983906500  0.309016994  0.951056516  0.000000000   1
2137c2137
<    5545   292  16   -31.516840854  -393.042579787   -39.983906500  0.309016994  0.951056516 -0.000000000   1
---
>    5545   292  16   -31.516840854  -393.042579787   -39.983906500  0.309016994  0.951056516  0.000000000   1
2156c2156
<    5526   291  16   -31.516840854  -393.042579787  -119.951719501  0.309016994  0.951056516 -0.000000000   1
---
>    5526   291  16   -31.516840854  -393.042579787  -119.951719501  0.309016994  0.951056516  0.000000000   1
2175c2175
<    5507   290  16   -31.516840854  -393.042579787  -199.919532501  0.309016994  0.951056516 -0.000000000   1
---
>    5507   290  16   -31.516840854  -393.042579787  -199.919532501  0.309016994  0.951056516  0.000000000   1
2194c2194
<    5488   289  16   -31.516840854  -393.042579787  -279.887345502  0.309016994  0.951056516 -0.000000000   1
---
>    5488   289  16   -31.516840854  -393.042579787  -279.887345502  0.309016994  0.951056516  0.000000000   1
2213c2213
<    5469   288  16  -111.484653855  -393.042579787   279.887345502  0.309016994  0.951056516 -0.000000000   1
---
>    5469   288  16  -111.484653855  -393.042579787   279.887345502  0.309016994  0.951056516  0.000000000   1
2232c2232
<    5450   287  16  -111.484653855  -393.042579787   199.919532501  0.309016994  0.951056516 -0.000000000   1
---
>    5450   287  16  -111.484653855  -393.042579787   199.919532501  0.309016994  0.951056516  0.000000000   1
2251c2251
<    5431   286  16  -111.484653855  -393.042579787   119.951719501  0.309016994  0.951056516 -0.000000000   1
---
>    5431   286  16  -111.484653855  -393.042579787   119.951719501  0.309016994  0.951056516  0.000000000   1
2270c2270
<    5412   285  16  -111.484653855  -393.042579787    39.983906500  0.309016994  0.951056516 -0.000000000   1
---
>    5412   285  16  -111.484653855  -393.042579787    39.983906500  0.309016994  0.951056516  0.000000000   1
2289c2289
<    5393   284  16  -111.484653855  -393.042579787   -39.983906500  0.309016994  0.951056516 -0.000000000   1
---
>    5393   284  16  -111.484653855  -393.042579787   -39.983906500  0.309016994  0.951056516  0.000000000   1
2308c2308
<    5374   283  16  -111.484653855  -393.042579787  -119.951719501  0.309016994  0.951056516 -0.000000000   1
---
>    5374   283  16  -111.484653855  -393.042579787  -119.951719501  0.309016994  0.951056516  0.000000000   1
2327c2327
<    5355   282  16  -111.484653855  -393.042579787  -199.919532501  0.309016994  0.951056516 -0.000000000   1
---
>    5355   282  16  -111.484653855  -393.042579787  -199.919532501  0.309016994  0.951056516  0.000000000   1
2346c2346
<    5336   281  16  -111.484653855  -393.042579787  -279.887345502  0.309016994  0.951056516 -0.000000000   1
---
>    5336   281  16  -111.484653855  -393.042579787  -279.887345502  0.309016994  0.951056516  0.000000000   1
2365c2365
<    5317   280  16  -191.452466855  -393.042579787   199.919532501  0.309016994  0.951056516 -0.000000000   1
---
>    5317   280  16  -191.452466855  -393.042579787   199.919532501  0.309016994  0.951056516  0.000000000   1
2384c2384
<    5298   279  16  -191.452466855  -393.042579787   119.951719501  0.309016994  0.951056516 -0.000000000   1
---
>    5298   279  16  -191.452466855  -393.042579787   119.951719501  0.309016994  0.951056516  0.000000000   1
2403c2403
<    5279   278  16  -191.452466855  -393.042579787    39.983906500  0.309016994  0.951056516 -0.000000000   1
---
>    5279   278  16  -191.452466855  -393.042579787    39.983906500  0.309016994  0.951056516  0.000000000   1
2422c2422
<    5260   277  16  -191.452466855  -393.042579787   -39.983906500  0.309016994  0.951056516 -0.000000000   1
---
>    5260   277  16  -191.452466855  -393.042579787   -39.983906500  0.309016994  0.951056516  0.000000000   1
2441c2441
<    5241   276  16  -191.452466855  -393.042579787  -119.951719501  0.309016994  0.951056516 -0.000000000   1
---
>    5241   276  16  -191.452466855  -393.042579787  -119.951719501  0.309016994  0.951056516  0.000000000   1
2460c2460
<    5222   275  16  -191.452466855  -393.042579787  -199.919532501  0.309016994  0.951056516 -0.000000000   1
---
>    5222   275  16  -191.452466855  -393.042579787  -199.919532501  0.309016994  0.951056516  0.000000000   1
2479c2479
<    5203   274  16  -271.420279856  -393.042579787   119.951719501  0.309016994  0.951056516 -0.000000000   1
---
>    5203   274  16  -271.420279856  -393.042579787   119.951719501  0.309016994  0.951056516  0.000000000   1
2498c2498
<    5184   273  16  -271.420279856  -393.042579787    39.983906500  0.309016994  0.951056516 -0.000000000   1
---
>    5184   273  16  -271.420279856  -393.042579787    39.983906500  0.309016994  0.951056516  0.000000000   1
2517c2517
<    5165   272  16  -271.420279856  -393.042579787   -39.983906500  0.309016994  0.951056516 -0.000000000   1
---
>    5165   272  16  -271.420279856  -393.042579787   -39.983906500  0.309016994  0.951056516  0.000000000   1
2536c2536
<    5146   271  16  -271.420279856  -393.042579787  -119.951719501  0.309016994  0.951056516 -0.000000000   1
---
>    5146   271  16  -271.420279856  -393.042579787  -119.951719501  0.309016994  0.951056516  0.000000000   1
