12c12
<    7670   404  13   288.354411148   393.042579787   119.951719501  0.309016994 -0.951056516 -0.000000000   1
---
>    7670   404  13   288.354411148   393.042579787   119.951719501  0.309016994 -0.951056516  0.000000000   1
31c31
<    7651   403  13   288.354411148   393.042579787    39.983906500  0.309016994 -0.951056516 -0.000000000   1
---
>    7651   403  13   288.354411148   393.042579787    39.983906500  0.309016994 -0.951056516  0.000000000   1
50c50
<    7632   402  13   288.354411148   393.042579787   -39.983906500  0.309016994 -0.951056516 -0.000000000   1
---
>    7632   402  13   288.354411148   393.042579787   -39.983906500  0.309016994 -0.951056516  0.000000000   1
69c69
<    7613   401  13   288.354411148   393.042579787  -119.951719501  0.309016994 -0.951056516 -0.000000000   1
---
>    7613   401  13   288.354411148   393.042579787  -119.951719501  0.309016994 -0.951056516  0.000000000   1
88c88
<    7594   400  13   208.386598147   393.042579787   199.919532501  0.309016994 -0.951056516 -0.000000000   1
---
>    7594   400  13   208.386598147   393.042579787   199.919532501  0.309016994 -0.951056516  0.000000000   1
107c107
<    7575   399  13   208.386598147   393.042579787   119.951719501  0.309016994 -0.951056516 -0.000000000   1
---
>    7575   399  13   208.386598147   393.042579787   119.951719501  0.309016994 -0.951056516  0.000000000   1
126c126
<    7556   398  13   208.386598147   393.042579787    39.983906500  0.309016994 -0.951056516 -0.000000000   1
---
>    7556   398  13   208.386598147   393.042579787    39.983906500  0.309016994 -0.951056516  0.000000000   1
145c145
<    7537   397  13   208.386598147   393.042579787   -39.983906500  0.309016994 -0.951056516 -0.000000000   1
---
>    7537   397  13   208.386598147   393.042579787   -39.983906500  0.309016994 -0.951056516  0.000000000   1
164c164
<    7518   396  13   208.386598147   393.042579787  -119.951719501  0.309016994 -0.951056516 -0.000000000   1
---
>    7518   396  13   208.386598147   393.042579787  -119.951719501  0.309016994 -0.951056516  0.000000000   1
183c183
<    7499   395  13   208.386598147   393.042579787  -199.919532501  0.309016994 -0.951056516 -0.000000000   1
---
>    7499   395  13   208.386598147   393.042579787  -199.919532501  0.309016994 -0.951056516  0.000000000   1
202c202
<    7480   394  13   128.418785147   393.042579787   279.887345502  0.309016994 -0.951056516 -0.000000000   1
---
>    7480   394  13   128.418785147   393.042579787   279.887345502  0.309016994 -0.951056516  0.000000000   1
221c221
<    7461   393  13   128.418785147   393.042579787   199.919532501  0.309016994 -0.951056516 -0.000000000   1
---
>    7461   393  13   128.418785147   393.042579787   199.919532501  0.309016994 -0.951056516  0.000000000   1
240c240
<    7442   392  13   128.418785147   393.042579787   119.951719501  0.309016994 -0.951056516 -0.000000000   1
---
>    7442   392  13   128.418785147   393.042579787   119.951719501  0.309016994 -0.951056516  0.000000000   1
259c259
<    7423   391  13   128.418785147   393.042579787    39.983906500  0.309016994 -0.951056516 -0.000000000   1
---
>    7423   391  13   128.418785147   393.042579787    39.983906500  0.309016994 -0.951056516  0.000000000   1
278c278
<    7404   390  13   128.418785147   393.042579787   -39.983906500  0.309016994 -0.951056516 -0.000000000   1
---
>    7404   390  13   128.418785147   393.042579787   -39.983906500  0.309016994 -0.951056516  0.000000000   1
297c297
<    7385   389  13   128.418785147   393.042579787  -119.951719501  0.309016994 -0.951056516 -0.000000000   1
---
>    7385   389  13   128.418785147   393.042579787  -119.951719501  0.309016994 -0.951056516  0.000000000   1
316c316
<    7366   388  13   128.418785147   393.042579787  -199.919532501  0.309016994 -0.951056516 -0.000000000   1
---
>    7366   388  13   128.418785147   393.042579787  -199.919532501  0.309016994 -0.951056516  0.000000000   1
335c335
<    7347   387  13   128.418785147   393.042579787  -279.887345502  0.309016994 -0.951056516 -0.000000000   1
---
>    7347   387  13   128.418785147   393.042579787  -279.887345502  0.309016994 -0.951056516  0.000000000   1
354c354
<    7328   386  13    48.450972146   393.042579787   279.887345502  0.309016994 -0.951056516 -0.000000000   1
---
>    7328   386  13    48.450972146   393.042579787   279.887345502  0.309016994 -0.951056516  0.000000000   1
373c373
<    7309   385  13    48.450972146   393.042579787   199.919532501  0.309016994 -0.951056516 -0.000000000   1
---
>    7309   385  13    48.450972146   393.042579787   199.919532501  0.309016994 -0.951056516  0.000000000   1
392c392
<    7290   384  13    48.450972146   393.042579787   119.951719501  0.309016994 -0.951056516 -0.000000000   1
---
>    7290   384  13    48.450972146   393.042579787   119.951719501  0.309016994 -0.951056516  0.000000000   1
411c411
<    7271   383  13    48.450972146   393.042579787    39.983906500  0.309016994 -0.951056516 -0.000000000   1
---
>    7271   383  13    48.450972146   393.042579787    39.983906500  0.309016994 -0.951056516  0.000000000   1
430c430
<    7252   382  13    48.450972146   393.042579787   -39.983906500  0.309016994 -0.951056516 -0.000000000   1
---
>    7252   382  13    48.450972146   393.042579787   -39.983906500  0.309016994 -0.951056516  0.000000000   1
449c449
<    7233   381  13    48.450972146   393.042579787  -119.951719501  0.309016994 -0.951056516 -0.000000000   1
---
>    7233   381  13    48.450972146   393.042579787  -119.951719501  0.309016994 -0.951056516  0.000000000   1
468c468
<    7214   380  13    48.450972146   393.042579787  -199.919532501  0.309016994 -0.951056516 -0.000000000   1
---
>    7214   380  13    48.450972146   393.042579787  -199.919532501  0.309016994 -0.951056516  0.000000000   1
487c487
<    7195   379  13    48.450972146   393.042579787  -279.887345502  0.309016994 -0.951056516 -0.000000000   1
---
>    7195   379  13    48.450972146   393.042579787  -279.887345502  0.309016994 -0.951056516  0.000000000   1
506c506
<    7176   378  13   -31.516840854   393.042579787   279.887345502  0.309016994 -0.951056516 -0.000000000   1
---
>    7176   378  13   -31.516840854   393.042579787   279.887345502  0.309016994 -0.951056516  0.000000000   1
525c525
<    7157   377  13   -31.516840854   393.042579787   199.919532501  0.309016994 -0.951056516 -0.000000000   1
---
>    7157   377  13   -31.516840854   393.042579787   199.919532501  0.309016994 -0.951056516  0.000000000   1
544c544
<    7138   376  13   -31.516840854   393.042579787   119.951719501  0.309016994 -0.951056516 -0.000000000   1
---
>    7138   376  13   -31.516840854   393.042579787   119.951719501  0.309016994 -0.951056516  0.000000000   1
563c563
<    7119   375  13   -31.516840854   393.042579787    39.983906500  0.309016994 -0.951056516 -0.000000000   1
---
>    7119   375  13   -31.516840854   393.042579787    39.983906500  0.309016994 -0.951056516  0.000000000   1
582c582
<    7100   374  13   -31.516840854   393.042579787   -39.983906500  0.309016994 -0.951056516 -0.000000000   1
---
>    7100   374  13   -31.516840854   393.042579787   -39.983906500  0.309016994 -0.951056516  0.000000000   1
601c601
<    7081   373  13   -31.516840854   393.042579787  -119.951719501  0.309016994 -0.951056516 -0.000000000   1
---
>    7081   373  13   -31.516840854   393.042579787  -119.951719501  0.309016994 -0.951056516  0.000000000   1
620c620
<    7062   372  13   -31.516840854   393.042579787  -199.919532501  0.309016994 -0.951056516 -0.000000000   1
---
>    7062   372  13   -31.516840854   393.042579787  -199.919532501  0.309016994 -0.951056516  0.000000000   1
639c639
<    7043   371  13   -31.516840854   393.042579787  -279.887345502  0.309016994 -0.951056516 -0.000000000   1
---
>    7043   371  13   -31.516840854   393.042579787  -279.887345502  0.309016994 -0.951056516  0.000000000   1
658c658
<    7024   370  13  -111.484653855   393.042579787   279.887345502  0.309016994 -0.951056516 -0.000000000   1
---
>    7024   370  13  -111.484653855   393.042579787   279.887345502  0.309016994 -0.951056516  0.000000000   1
677c677
<    7005   369  13  -111.484653855   393.042579787   199.919532501  0.309016994 -0.951056516 -0.000000000   1
---
>    7005   369  13  -111.484653855   393.042579787   199.919532501  0.309016994 -0.951056516  0.000000000   1
696c696
<    6986   368  13  -111.484653855   393.042579787   119.951719501  0.309016994 -0.951056516 -0.000000000   1
---
>    6986   368  13  -111.484653855   393.042579787   119.951719501  0.309016994 -0.951056516  0.000000000   1
715c715
<    6967   367  13  -111.484653855   393.042579787    39.983906500  0.309016994 -0.951056516 -0.000000000   1
---
>    6967   367  13  -111.484653855   393.042579787    39.983906500  0.309016994 -0.951056516  0.000000000   1
734c734
<    6948   366  13  -111.484653855   393.042579787   -39.983906500  0.309016994 -0.951056516 -0.000000000   1
---
>    6948   366  13  -111.484653855   393.042579787   -39.983906500  0.309016994 -0.951056516  0.000000000   1
753c753
<    6929   365  13  -111.484653855   393.042579787  -119.951719501  0.309016994 -0.951056516 -0.000000000   1
---
>    6929   365  13  -111.484653855   393.042579787  -119.951719501  0.309016994 -0.951056516  0.000000000   1
772c772
<    6910   364  13  -111.484653855   393.042579787  -199.919532501  0.309016994 -0.951056516 -0.000000000   1
---
>    6910   364  13  -111.484653855   393.042579787  -199.919532501  0.309016994 -0.951056516  0.000000000   1
791c791
<    6891   363  13  -111.484653855   393.042579787  -279.887345502  0.309016994 -0.951056516 -0.000000000   1
---
>    6891   363  13  -111.484653855   393.042579787  -279.887345502  0.309016994 -0.951056516  0.000000000   1
810c810
<    6872   362  13  -191.452466855   393.042579787   199.919532501  0.309016994 -0.951056516 -0.000000000   1
---
>    6872   362  13  -191.452466855   393.042579787   199.919532501  0.309016994 -0.951056516  0.000000000   1
829c829
<    6853   361  13  -191.452466855   393.042579787   119.951719501  0.309016994 -0.951056516 -0.000000000   1
---
>    6853   361  13  -191.452466855   393.042579787   119.951719501  0.309016994 -0.951056516  0.000000000   1
848c848
<    6834   360  13  -191.452466855   393.042579787    39.983906500  0.309016994 -0.951056516 -0.000000000   1
---
>    6834   360  13  -191.452466855   393.042579787    39.983906500  0.309016994 -0.951056516  0.000000000   1
867c867
<    6815   359  13  -191.452466855   393.042579787   -39.983906500  0.309016994 -0.951056516 -0.000000000   1
---
>    6815   359  13  -191.452466855   393.042579787   -39.983906500  0.309016994 -0.951056516  0.000000000   1
886c886
<    6796   358  13  -191.452466855   393.042579787  -119.951719501  0.309016994 -0.951056516 -0.000000000   1
---
>    6796   358  13  -191.452466855   393.042579787  -119.951719501  0.309016994 -0.951056516  0.000000000   1
905c905
<    6777   357  13  -191.452466855   393.042579787  -199.919532501  0.309016994 -0.951056516 -0.000000000   1
---
>    6777   357  13  -191.452466855   393.042579787  -199.919532501  0.309016994 -0.951056516  0.000000000   1
924c924
<    6758   356  13  -271.420279856   393.042579787   119.951719501  0.309016994 -0.951056516 -0.000000000   1
---
>    6758   356  13  -271.420279856   393.042579787   119.951719501  0.309016994 -0.951056516  0.000000000   1
943c943
<    6739   355  13  -271.420279856   393.042579787    39.983906500  0.309016994 -0.951056516 -0.000000000   1
---
>    6739   355  13  -271.420279856   393.042579787    39.983906500  0.309016994 -0.951056516  0.000000000   1
962c962
<    6720   354  13  -271.420279856   393.042579787   -39.983906500  0.309016994 -0.951056516 -0.000000000   1
---
>    6720   354  13  -271.420279856   393.042579787   -39.983906500  0.309016994 -0.951056516  0.000000000   1
981c981
<    6701   353  13  -271.420279856   393.042579787  -119.951719501  0.309016994 -0.951056516 -0.000000000   1
---
>    6701   353  13  -271.420279856   393.042579787  -119.951719501  0.309016994 -0.951056516  0.000000000   1
