7047,7148c7047,7148
<     319   319   0   296.034692357  -417.100000000   126.872011010  0.000000000 -1.000000000  0.000000000   4
<     318   318   0   296.034692357   417.100000000    42.290670337 -0.000000000  1.000000000 -0.000000000   4
<     317   317   0   296.034692357  -417.100000000    42.290670337  0.000000000 -1.000000000  0.000000000   4
<     316   316   0   296.034692357   417.100000000   -42.290670337 -0.000000000  1.000000000 -0.000000000   4
<     315   315   0   296.034692357  -417.100000000   -42.290670337  0.000000000 -1.000000000  0.000000000   4
<     314   314   0   296.034692357   417.100000000  -126.872011010 -0.000000000  1.000000000 -0.000000000   4
<     313   313   0   296.034692357  -417.100000000  -126.872011010  0.000000000 -1.000000000  0.000000000   4
<     312   312   0   211.453351684   417.100000000   211.453351684 -0.000000000  1.000000000 -0.000000000   4
<     311   311   0   211.453351684  -417.100000000   211.453351684  0.000000000 -1.000000000  0.000000000   4
<     310   310   0   211.453351684   417.100000000   126.872011010 -0.000000000  1.000000000 -0.000000000   4
<     309   309   0   211.453351684  -417.100000000   126.872011010  0.000000000 -1.000000000  0.000000000   4
<     308   308   0   211.453351684   417.100000000    42.290670337 -0.000000000  1.000000000 -0.000000000   4
<     307   307   0   211.453351684  -417.100000000    42.290670337  0.000000000 -1.000000000  0.000000000   4
<     306   306   0   211.453351684   417.100000000   -42.290670337 -0.000000000  1.000000000 -0.000000000   4
<     305   305   0   211.453351684  -417.100000000   -42.290670337  0.000000000 -1.000000000  0.000000000   4
<     304   304   0   211.453351684   417.100000000  -126.872011010 -0.000000000  1.000000000 -0.000000000   4
<     303   303   0   211.453351684  -417.100000000  -126.872011010  0.000000000 -1.000000000  0.000000000   4
<     302   302   0   211.453351684   417.100000000  -211.453351684 -0.000000000  1.000000000 -0.000000000   4
<     301   301   0   211.453351684  -417.100000000  -211.453351684  0.000000000 -1.000000000  0.000000000   4
<     300   300   0   126.872011010   417.100000000   296.034692357 -0.000000000  1.000000000 -0.000000000   4
<     299   299   0   126.872011010  -417.100000000   296.034692357  0.000000000 -1.000000000  0.000000000   4
<     298   298   0   126.872011010   417.100000000   211.453351684 -0.000000000  1.000000000 -0.000000000   4
<     297   297   0   126.872011010  -417.100000000   211.453351684  0.000000000 -1.000000000  0.000000000   4
<     296   296   0   126.872011010   417.100000000   126.872011010 -0.000000000  1.000000000 -0.000000000   4
<     295   295   0   126.872011010  -417.100000000   126.872011010  0.000000000 -1.000000000  0.000000000   4
<     294   294   0   126.872011010   417.100000000    42.290670337 -0.000000000  1.000000000 -0.000000000   4
<     293   293   0   126.872011010  -417.100000000    42.290670337  0.000000000 -1.000000000  0.000000000   4
<     292   292   0   126.872011010   417.100000000   -42.290670337 -0.000000000  1.000000000 -0.000000000   4
<     291   291   0   126.872011010  -417.100000000   -42.290670337  0.000000000 -1.000000000  0.000000000   4
<     290   290   0   126.872011010   417.100000000  -126.872011010 -0.000000000  1.000000000 -0.000000000   4
<     289   289   0   126.872011010  -417.100000000  -126.872011010  0.000000000 -1.000000000  0.000000000   4
<     288   288   0   126.872011010   417.100000000  -211.453351684 -0.000000000  1.000000000 -0.000000000   4
<     287   287   0   126.872011010  -417.100000000  -211.453351684  0.000000000 -1.000000000  0.000000000   4
<     286   286   0   126.872011010   417.100000000  -296.034692357 -0.000000000  1.000000000 -0.000000000   4
<     285   285   0   126.872011010  -417.100000000  -296.034692357  0.000000000 -1.000000000  0.000000000   4
<     284   284   0    42.290670337   417.100000000   296.034692357 -0.000000000  1.000000000 -0.000000000   4
<     283   283   0    42.290670337  -417.100000000   296.034692357  0.000000000 -1.000000000  0.000000000   4
<     282   282   0    42.290670337   417.100000000   211.453351684 -0.000000000  1.000000000 -0.000000000   4
<     281   281   0    42.290670337  -417.100000000   211.453351684  0.000000000 -1.000000000  0.000000000   4
<     280   280   0    42.290670337   417.100000000   126.872011010 -0.000000000  1.000000000 -0.000000000   4
<     279   279   0    42.290670337  -417.100000000   126.872011010  0.000000000 -1.000000000  0.000000000   4
<     278   278   0    42.290670337   417.100000000    42.290670337 -0.000000000  1.000000000 -0.000000000   4
<     277   277   0    42.290670337  -417.100000000    42.290670337  0.000000000 -1.000000000  0.000000000   4
<     276   276   0    42.290670337   417.100000000   -42.290670337 -0.000000000  1.000000000 -0.000000000   4
<     275   275   0    42.290670337  -417.100000000   -42.290670337  0.000000000 -1.000000000  0.000000000   4
<     274   274   0    42.290670337   417.100000000  -126.872011010 -0.000000000  1.000000000 -0.000000000   4
<     273   273   0    42.290670337  -417.100000000  -126.872011010  0.000000000 -1.000000000  0.000000000   4
<     272   272   0    42.290670337   417.100000000  -211.453351684 -0.000000000  1.000000000 -0.000000000   4
<     271   271   0    42.290670337  -417.100000000  -211.453351684  0.000000000 -1.000000000  0.000000000   4
<     270   270   0    42.290670337   417.100000000  -296.034692357 -0.000000000  1.000000000 -0.000000000   4
<     269   269   0    42.290670337  -417.100000000  -296.034692357  0.000000000 -1.000000000  0.000000000   4
<     268   268   0   -42.290670337   417.100000000   296.034692357 -0.000000000  1.000000000 -0.000000000   4
<     267   267   0   -42.290670337  -417.100000000   296.034692357  0.000000000 -1.000000000  0.000000000   4
<     266   266   0   -42.290670337   417.100000000   211.453351684 -0.000000000  1.000000000 -0.000000000   4
<     265   265   0   -42.290670337  -417.100000000   211.453351684  0.000000000 -1.000000000  0.000000000   4
<     264   264   0   -42.290670337   417.100000000   126.872011010 -0.000000000  1.000000000 -0.000000000   4
<     263   263   0   -42.290670337  -417.100000000   126.872011010  0.000000000 -1.000000000  0.000000000   4
<     262   262   0   -42.290670337   417.100000000    42.290670337 -0.000000000  1.000000000 -0.000000000   4
<     261   261   0   -42.290670337  -417.100000000    42.290670337  0.000000000 -1.000000000  0.000000000   4
<     260   260   0   -42.290670337   417.100000000   -42.290670337 -0.000000000  1.000000000 -0.000000000   4
<     259   259   0   -42.290670337  -417.100000000   -42.290670337  0.000000000 -1.000000000  0.000000000   4
<     258   258   0   -42.290670337   417.100000000  -126.872011010 -0.000000000  1.000000000 -0.000000000   4
<     257   257   0   -42.290670337  -417.100000000  -126.872011010  0.000000000 -1.000000000  0.000000000   4
<     256   256   0   -42.290670337   417.100000000  -211.453351684 -0.000000000  1.000000000 -0.000000000   4
<     255   255   0   -42.290670337  -417.100000000  -211.453351684  0.000000000 -1.000000000  0.000000000   4
<     254   254   0   -42.290670337   417.100000000  -296.034692357 -0.000000000  1.000000000 -0.000000000   4
<     253   253   0   -42.290670337  -417.100000000  -296.034692357  0.000000000 -1.000000000  0.000000000   4
<     252   252   0  -126.872011010   417.100000000   296.034692357 -0.000000000  1.000000000 -0.000000000   4
<     251   251   0  -126.872011010  -417.100000000   296.034692357  0.000000000 -1.000000000  0.000000000   4
<     250   250   0  -126.872011010   417.100000000   211.453351684 -0.000000000  1.000000000 -0.000000000   4
<     249   249   0  -126.872011010  -417.100000000   211.453351684  0.000000000 -1.000000000  0.000000000   4
<     248   248   0  -126.872011010   417.100000000   126.872011010 -0.000000000  1.000000000 -0.000000000   4
<     247   247   0  -126.872011010  -417.100000000   126.872011010  0.000000000 -1.000000000  0.000000000   4
<     246   246   0  -126.872011010   417.100000000    42.290670337 -0.000000000  1.000000000 -0.000000000   4
<     245   245   0  -126.872011010  -417.100000000    42.290670337  0.000000000 -1.000000000  0.000000000   4
<     244   244   0  -126.872011010   417.100000000   -42.290670337 -0.000000000  1.000000000 -0.000000000   4
<     243   243   0  -126.872011010  -417.100000000   -42.290670337  0.000000000 -1.000000000  0.000000000   4
<     242   242   0  -126.872011010   417.100000000  -126.872011010 -0.000000000  1.000000000 -0.000000000   4
<     241   241   0  -126.872011010  -417.100000000  -126.872011010  0.000000000 -1.000000000  0.000000000   4
<     240   240   0  -126.872011010   417.100000000  -211.453351684 -0.000000000  1.000000000 -0.000000000   4
<     239   239   0  -126.872011010  -417.100000000  -211.453351684  0.000000000 -1.000000000  0.000000000   4
<     238   238   0  -126.872011010   417.100000000  -296.034692357 -0.000000000  1.000000000 -0.000000000   4
<     237   237   0  -126.872011010  -417.100000000  -296.034692357  0.000000000 -1.000000000  0.000000000   4
<     236   236   0  -211.453351684   417.100000000   211.453351684 -0.000000000  1.000000000 -0.000000000   4
<     235   235   0  -211.453351684  -417.100000000   211.453351684  0.000000000 -1.000000000  0.000000000   4
<     234   234   0  -211.453351684   417.100000000   126.872011010 -0.000000000  1.000000000 -0.000000000   4
<     233   233   0  -211.453351684  -417.100000000   126.872011010  0.000000000 -1.000000000  0.000000000   4
<     232   232   0  -211.453351684   417.100000000    42.290670337 -0.000000000  1.000000000 -0.000000000   4
<     231   231   0  -211.453351684  -417.100000000    42.290670337  0.000000000 -1.000000000  0.000000000   4
<     230   230   0  -211.453351684   417.100000000   -42.290670337 -0.000000000  1.000000000 -0.000000000   4
<     229   229   0  -211.453351684  -417.100000000   -42.290670337  0.000000000 -1.000000000  0.000000000   4
<     228   228   0  -211.453351684   417.100000000  -126.872011010 -0.000000000  1.000000000 -0.000000000   4
<     227   227   0  -211.453351684  -417.100000000  -126.872011010  0.000000000 -1.000000000  0.000000000   4
<     226   226   0  -211.453351684   417.100000000  -211.453351684 -0.000000000  1.000000000 -0.000000000   4
<     225   225   0  -211.453351684  -417.100000000  -211.453351684  0.000000000 -1.000000000  0.000000000   4
<     224   224   0  -296.034692357   417.100000000   126.872011010 -0.000000000  1.000000000 -0.000000000   4
<     223   223   0  -296.034692357  -417.100000000   126.872011010  0.000000000 -1.000000000  0.000000000   4
<     222   222   0  -296.034692357   417.100000000    42.290670337 -0.000000000  1.000000000 -0.000000000   4
<     221   221   0  -296.034692357  -417.100000000    42.290670337  0.000000000 -1.000000000  0.000000000   4
<     220   220   0  -296.034692357   417.100000000   -42.290670337 -0.000000000  1.000000000 -0.000000000   4
<     219   219   0  -296.034692357  -417.100000000   -42.290670337  0.000000000 -1.000000000  0.000000000   4
<     218   218   0  -296.034692357   417.100000000  -126.872011010 -0.000000000  1.000000000 -0.000000000   4
---
>     319   319   0   296.034692357   417.100000000    42.290670337 -0.000000000  1.000000000 -0.000000000   4
>     318   318   0   296.034692357   417.100000000   -42.290670337 -0.000000000  1.000000000 -0.000000000   4
>     317   317   0   296.034692357   417.100000000  -126.872011010 -0.000000000  1.000000000 -0.000000000   4
>     316   316   0   211.453351684   417.100000000   211.453351684 -0.000000000  1.000000000 -0.000000000   4
>     315   315   0   211.453351684   417.100000000   126.872011010 -0.000000000  1.000000000 -0.000000000   4
>     314   314   0   211.453351684   417.100000000    42.290670337 -0.000000000  1.000000000 -0.000000000   4
>     313   313   0   211.453351684   417.100000000   -42.290670337 -0.000000000  1.000000000 -0.000000000   4
>     312   312   0   211.453351684   417.100000000  -126.872011010 -0.000000000  1.000000000 -0.000000000   4
>     311   311   0   211.453351684   417.100000000  -211.453351684 -0.000000000  1.000000000 -0.000000000   4
>     310   310   0   126.872011010   417.100000000   296.034692357 -0.000000000  1.000000000 -0.000000000   4
>     309   309   0   126.872011010   417.100000000   211.453351684 -0.000000000  1.000000000 -0.000000000   4
>     308   308   0   126.872011010   417.100000000   126.872011010 -0.000000000  1.000000000 -0.000000000   4
>     307   307   0   126.872011010   417.100000000    42.290670337 -0.000000000  1.000000000 -0.000000000   4
>     306   306   0   126.872011010   417.100000000   -42.290670337 -0.000000000  1.000000000 -0.000000000   4
>     305   305   0   126.872011010   417.100000000  -126.872011010 -0.000000000  1.000000000 -0.000000000   4
>     304   304   0   126.872011010   417.100000000  -211.453351684 -0.000000000  1.000000000 -0.000000000   4
>     303   303   0   126.872011010   417.100000000  -296.034692357 -0.000000000  1.000000000 -0.000000000   4
>     302   302   0    42.290670337   417.100000000   296.034692357 -0.000000000  1.000000000 -0.000000000   4
>     301   301   0    42.290670337   417.100000000   211.453351684 -0.000000000  1.000000000 -0.000000000   4
>     300   300   0    42.290670337   417.100000000   126.872011010 -0.000000000  1.000000000 -0.000000000   4
>     299   299   0    42.290670337   417.100000000    42.290670337 -0.000000000  1.000000000 -0.000000000   4
>     298   298   0    42.290670337   417.100000000   -42.290670337 -0.000000000  1.000000000 -0.000000000   4
>     297   297   0    42.290670337   417.100000000  -126.872011010 -0.000000000  1.000000000 -0.000000000   4
>     296   296   0    42.290670337   417.100000000  -211.453351684 -0.000000000  1.000000000 -0.000000000   4
>     295   295   0    42.290670337   417.100000000  -296.034692357 -0.000000000  1.000000000 -0.000000000   4
>     294   294   0   -42.290670337   417.100000000   296.034692357 -0.000000000  1.000000000 -0.000000000   4
>     293   293   0   -42.290670337   417.100000000   211.453351684 -0.000000000  1.000000000 -0.000000000   4
>     292   292   0   -42.290670337   417.100000000   126.872011010 -0.000000000  1.000000000 -0.000000000   4
>     291   291   0   -42.290670337   417.100000000    42.290670337 -0.000000000  1.000000000 -0.000000000   4
>     290   290   0   -42.290670337   417.100000000   -42.290670337 -0.000000000  1.000000000 -0.000000000   4
>     289   289   0   -42.290670337   417.100000000  -126.872011010 -0.000000000  1.000000000 -0.000000000   4
>     288   288   0   -42.290670337   417.100000000  -211.453351684 -0.000000000  1.000000000 -0.000000000   4
>     287   287   0   -42.290670337   417.100000000  -296.034692357 -0.000000000  1.000000000 -0.000000000   4
>     286   286   0  -126.872011010   417.100000000   296.034692357 -0.000000000  1.000000000 -0.000000000   4
>     285   285   0  -126.872011010   417.100000000   211.453351684 -0.000000000  1.000000000 -0.000000000   4
>     284   284   0  -126.872011010   417.100000000   126.872011010 -0.000000000  1.000000000 -0.000000000   4
>     283   283   0  -126.872011010   417.100000000    42.290670337 -0.000000000  1.000000000 -0.000000000   4
>     282   282   0  -126.872011010   417.100000000   -42.290670337 -0.000000000  1.000000000 -0.000000000   4
>     281   281   0  -126.872011010   417.100000000  -126.872011010 -0.000000000  1.000000000 -0.000000000   4
>     280   280   0  -126.872011010   417.100000000  -211.453351684 -0.000000000  1.000000000 -0.000000000   4
>     279   279   0  -126.872011010   417.100000000  -296.034692357 -0.000000000  1.000000000 -0.000000000   4
>     278   278   0  -211.453351684   417.100000000   211.453351684 -0.000000000  1.000000000 -0.000000000   4
>     277   277   0  -211.453351684   417.100000000   126.872011010 -0.000000000  1.000000000 -0.000000000   4
>     276   276   0  -211.453351684   417.100000000    42.290670337 -0.000000000  1.000000000 -0.000000000   4
>     275   275   0  -211.453351684   417.100000000   -42.290670337 -0.000000000  1.000000000 -0.000000000   4
>     274   274   0  -211.453351684   417.100000000  -126.872011010 -0.000000000  1.000000000 -0.000000000   4
>     273   273   0  -211.453351684   417.100000000  -211.453351684 -0.000000000  1.000000000 -0.000000000   4
>     272   272   0  -296.034692357   417.100000000   126.872011010 -0.000000000  1.000000000 -0.000000000   4
>     271   271   0  -296.034692357   417.100000000    42.290670337 -0.000000000  1.000000000 -0.000000000   4
>     270   270   0  -296.034692357   417.100000000   -42.290670337 -0.000000000  1.000000000 -0.000000000   4
>     269   269   0  -296.034692357   417.100000000  -126.872011010 -0.000000000  1.000000000 -0.000000000   4
>     268   268   0   296.034692357  -417.100000000   126.872011010  0.000000000 -1.000000000  0.000000000   4
>     267   267   0   296.034692357  -417.100000000    42.290670337  0.000000000 -1.000000000  0.000000000   4
>     266   266   0   296.034692357  -417.100000000   -42.290670337  0.000000000 -1.000000000  0.000000000   4
>     265   265   0   296.034692357  -417.100000000  -126.872011010  0.000000000 -1.000000000  0.000000000   4
>     264   264   0   211.453351684  -417.100000000   211.453351684  0.000000000 -1.000000000  0.000000000   4
>     263   263   0   211.453351684  -417.100000000   126.872011010  0.000000000 -1.000000000  0.000000000   4
>     262   262   0   211.453351684  -417.100000000    42.290670337  0.000000000 -1.000000000  0.000000000   4
>     261   261   0   211.453351684  -417.100000000   -42.290670337  0.000000000 -1.000000000  0.000000000   4
>     260   260   0   211.453351684  -417.100000000  -126.872011010  0.000000000 -1.000000000  0.000000000   4
>     259   259   0   211.453351684  -417.100000000  -211.453351684  0.000000000 -1.000000000  0.000000000   4
>     258   258   0   126.872011010  -417.100000000   296.034692357  0.000000000 -1.000000000  0.000000000   4
>     257   257   0   126.872011010  -417.100000000   211.453351684  0.000000000 -1.000000000  0.000000000   4
>     256   256   0   126.872011010  -417.100000000   126.872011010  0.000000000 -1.000000000  0.000000000   4
>     255   255   0   126.872011010  -417.100000000    42.290670337  0.000000000 -1.000000000  0.000000000   4
>     254   254   0   126.872011010  -417.100000000   -42.290670337  0.000000000 -1.000000000  0.000000000   4
>     253   253   0   126.872011010  -417.100000000  -126.872011010  0.000000000 -1.000000000  0.000000000   4
>     252   252   0   126.872011010  -417.100000000  -211.453351684  0.000000000 -1.000000000  0.000000000   4
>     251   251   0   126.872011010  -417.100000000  -296.034692357  0.000000000 -1.000000000  0.000000000   4
>     250   250   0    42.290670337  -417.100000000   296.034692357  0.000000000 -1.000000000  0.000000000   4
>     249   249   0    42.290670337  -417.100000000   211.453351684  0.000000000 -1.000000000  0.000000000   4
>     248   248   0    42.290670337  -417.100000000   126.872011010  0.000000000 -1.000000000  0.000000000   4
>     247   247   0    42.290670337  -417.100000000    42.290670337  0.000000000 -1.000000000  0.000000000   4
>     246   246   0    42.290670337  -417.100000000   -42.290670337  0.000000000 -1.000000000  0.000000000   4
>     245   245   0    42.290670337  -417.100000000  -126.872011010  0.000000000 -1.000000000  0.000000000   4
>     244   244   0    42.290670337  -417.100000000  -211.453351684  0.000000000 -1.000000000  0.000000000   4
>     243   243   0    42.290670337  -417.100000000  -296.034692357  0.000000000 -1.000000000  0.000000000   4
>     242   242   0   -42.290670337  -417.100000000   296.034692357  0.000000000 -1.000000000  0.000000000   4
>     241   241   0   -42.290670337  -417.100000000   211.453351684  0.000000000 -1.000000000  0.000000000   4
>     240   240   0   -42.290670337  -417.100000000   126.872011010  0.000000000 -1.000000000  0.000000000   4
>     239   239   0   -42.290670337  -417.100000000    42.290670337  0.000000000 -1.000000000  0.000000000   4
>     238   238   0   -42.290670337  -417.100000000   -42.290670337  0.000000000 -1.000000000  0.000000000   4
>     237   237   0   -42.290670337  -417.100000000  -126.872011010  0.000000000 -1.000000000  0.000000000   4
>     236   236   0   -42.290670337  -417.100000000  -211.453351684  0.000000000 -1.000000000  0.000000000   4
>     235   235   0   -42.290670337  -417.100000000  -296.034692357  0.000000000 -1.000000000  0.000000000   4
>     234   234   0  -126.872011010  -417.100000000   296.034692357  0.000000000 -1.000000000  0.000000000   4
>     233   233   0  -126.872011010  -417.100000000   211.453351684  0.000000000 -1.000000000  0.000000000   4
>     232   232   0  -126.872011010  -417.100000000   126.872011010  0.000000000 -1.000000000  0.000000000   4
>     231   231   0  -126.872011010  -417.100000000    42.290670337  0.000000000 -1.000000000  0.000000000   4
>     230   230   0  -126.872011010  -417.100000000   -42.290670337  0.000000000 -1.000000000  0.000000000   4
>     229   229   0  -126.872011010  -417.100000000  -126.872011010  0.000000000 -1.000000000  0.000000000   4
>     228   228   0  -126.872011010  -417.100000000  -211.453351684  0.000000000 -1.000000000  0.000000000   4
>     227   227   0  -126.872011010  -417.100000000  -296.034692357  0.000000000 -1.000000000  0.000000000   4
>     226   226   0  -211.453351684  -417.100000000   211.453351684  0.000000000 -1.000000000  0.000000000   4
>     225   225   0  -211.453351684  -417.100000000   126.872011010  0.000000000 -1.000000000  0.000000000   4
>     224   224   0  -211.453351684  -417.100000000    42.290670337  0.000000000 -1.000000000  0.000000000   4
>     223   223   0  -211.453351684  -417.100000000   -42.290670337  0.000000000 -1.000000000  0.000000000   4
>     222   222   0  -211.453351684  -417.100000000  -126.872011010  0.000000000 -1.000000000  0.000000000   4
>     221   221   0  -211.453351684  -417.100000000  -211.453351684  0.000000000 -1.000000000  0.000000000   4
>     220   220   0  -296.034692357  -417.100000000   126.872011010  0.000000000 -1.000000000  0.000000000   4
>     219   219   0  -296.034692357  -417.100000000    42.290670337  0.000000000 -1.000000000  0.000000000   4
>     218   218   0  -296.034692357  -417.100000000   -42.290670337  0.000000000 -1.000000000  0.000000000   4
