6998,7237c6998,7237
<     504   504   0   320.000000000   417.100000000   120.000000000 -0.000000000  1.000000000 -0.000000000   5
<     503   503   0   320.000000000   417.100000000    40.000000000 -0.000000000  1.000000000 -0.000000000   5
<     502   502   0   320.000000000   417.100000000   -40.000000000 -0.000000000  1.000000000 -0.000000000   5
<     501   501   0   320.000000000   417.100000000  -120.000000000 -0.000000000  1.000000000 -0.000000000   5
<     500   500   0   280.000000000   417.100000000   160.000000000 -0.000000000  1.000000000 -0.000000000   5
<     499   499   0   280.000000000   417.100000000    80.000000000 -0.000000000  1.000000000 -0.000000000   5
<     498   498   0   280.000000000   417.100000000    -0.000000000 -0.000000000  1.000000000 -0.000000000   5
<     497   497   0   280.000000000   417.100000000   -80.000000000 -0.000000000  1.000000000 -0.000000000   5
<     496   496   0   280.000000000   417.100000000  -160.000000000 -0.000000000  1.000000000 -0.000000000   5
<     495   495   0   240.000000000   417.100000000   200.000000000 -0.000000000  1.000000000 -0.000000000   5
<     494   494   0   240.000000000   417.100000000   120.000000000 -0.000000000  1.000000000 -0.000000000   5
<     493   493   0   240.000000000   417.100000000    40.000000000 -0.000000000  1.000000000 -0.000000000   5
<     492   492   0   240.000000000   417.100000000   -40.000000000 -0.000000000  1.000000000 -0.000000000   5
<     491   491   0   240.000000000   417.100000000  -120.000000000 -0.000000000  1.000000000 -0.000000000   5
<     490   490   0   240.000000000   417.100000000  -200.000000000 -0.000000000  1.000000000 -0.000000000   5
<     489   489   0   200.000000000   417.100000000   240.000000000 -0.000000000  1.000000000 -0.000000000   5
<     488   488   0   200.000000000   417.100000000   160.000000000 -0.000000000  1.000000000 -0.000000000   5
<     487   487   0   200.000000000   417.100000000    80.000000000 -0.000000000  1.000000000 -0.000000000   5
<     486   486   0   200.000000000   417.100000000    -0.000000000 -0.000000000  1.000000000 -0.000000000   5
<     485   485   0   200.000000000   417.100000000   -80.000000000 -0.000000000  1.000000000 -0.000000000   5
<     484   484   0   200.000000000   417.100000000  -160.000000000 -0.000000000  1.000000000 -0.000000000   5
<     483   483   0   200.000000000   417.100000000  -240.000000000 -0.000000000  1.000000000 -0.000000000   5
<     482   482   0   160.000000000   417.100000000   280.000000000 -0.000000000  1.000000000 -0.000000000   5
<     481   481   0   160.000000000   417.100000000   200.000000000 -0.000000000  1.000000000 -0.000000000   5
<     480   480   0   160.000000000   417.100000000   120.000000000 -0.000000000  1.000000000 -0.000000000   5
<     479   479   0   160.000000000   417.100000000    40.000000000 -0.000000000  1.000000000 -0.000000000   5
<     478   478   0   160.000000000   417.100000000   -40.000000000 -0.000000000  1.000000000 -0.000000000   5
<     477   477   0   160.000000000   417.100000000  -120.000000000 -0.000000000  1.000000000 -0.000000000   5
<     476   476   0   160.000000000   417.100000000  -200.000000000 -0.000000000  1.000000000 -0.000000000   5
<     475   475   0   160.000000000   417.100000000  -280.000000000 -0.000000000  1.000000000 -0.000000000   5
<     474   474   0   120.000000000   417.100000000   320.000000000 -0.000000000  1.000000000 -0.000000000   5
<     473   473   0   120.000000000   417.100000000   240.000000000 -0.000000000  1.000000000 -0.000000000   5
<     472   472   0   120.000000000   417.100000000   160.000000000 -0.000000000  1.000000000 -0.000000000   5
<     471   471   0   120.000000000   417.100000000    80.000000000 -0.000000000  1.000000000 -0.000000000   5
<     470   470   0   120.000000000   417.100000000    -0.000000000 -0.000000000  1.000000000 -0.000000000   5
<     469   469   0   120.000000000   417.100000000   -80.000000000 -0.000000000  1.000000000 -0.000000000   5
<     468   468   0   120.000000000   417.100000000  -160.000000000 -0.000000000  1.000000000 -0.000000000   5
<     467   467   0   120.000000000   417.100000000  -240.000000000 -0.000000000  1.000000000 -0.000000000   5
<     466   466   0   120.000000000   417.100000000  -320.000000000 -0.000000000  1.000000000 -0.000000000   5
<     465   465   0    80.000000000   417.100000000   280.000000000 -0.000000000  1.000000000 -0.000000000   5
<     464   464   0    80.000000000   417.100000000   200.000000000 -0.000000000  1.000000000 -0.000000000   5
<     463   463   0    80.000000000   417.100000000   120.000000000 -0.000000000  1.000000000 -0.000000000   5
<     462   462   0    80.000000000   417.100000000    40.000000000 -0.000000000  1.000000000 -0.000000000   5
<     461   461   0    80.000000000   417.100000000   -40.000000000 -0.000000000  1.000000000 -0.000000000   5
<     460   460   0    80.000000000   417.100000000  -120.000000000 -0.000000000  1.000000000 -0.000000000   5
<     459   459   0    80.000000000   417.100000000  -200.000000000 -0.000000000  1.000000000 -0.000000000   5
<     458   458   0    80.000000000   417.100000000  -280.000000000 -0.000000000  1.000000000 -0.000000000   5
<     457   457   0    40.000000000   417.100000000   320.000000000 -0.000000000  1.000000000 -0.000000000   5
<     456   456   0    40.000000000   417.100000000   240.000000000 -0.000000000  1.000000000 -0.000000000   5
<     455   455   0    40.000000000   417.100000000   160.000000000 -0.000000000  1.000000000 -0.000000000   5
<     454   454   0    40.000000000   417.100000000    80.000000000 -0.000000000  1.000000000 -0.000000000   5
<     453   453   0    40.000000000   417.100000000    -0.000000000 -0.000000000  1.000000000 -0.000000000   5
<     452   452   0    40.000000000   417.100000000   -80.000000000 -0.000000000  1.000000000 -0.000000000   5
<     451   451   0    40.000000000   417.100000000  -160.000000000 -0.000000000  1.000000000 -0.000000000   5
<     450   450   0    40.000000000   417.100000000  -240.000000000 -0.000000000  1.000000000 -0.000000000   5
<     449   449   0    40.000000000   417.100000000  -320.000000000 -0.000000000  1.000000000 -0.000000000   5
<     448   448   0     0.000000000   417.100000000   280.000000000 -0.000000000  1.000000000 -0.000000000   5
<     447   447   0     0.000000000   417.100000000   200.000000000 -0.000000000  1.000000000 -0.000000000   5
<     446   446   0     0.000000000   417.100000000   120.000000000 -0.000000000  1.000000000 -0.000000000   5
<     445   445   0     0.000000000   417.100000000    40.000000000 -0.000000000  1.000000000 -0.000000000   5
<     444   444   0     0.000000000   417.100000000   -40.000000000 -0.000000000  1.000000000 -0.000000000   5
<     443   443   0     0.000000000   417.100000000  -120.000000000 -0.000000000  1.000000000 -0.000000000   5
<     442   442   0     0.000000000   417.100000000  -200.000000000 -0.000000000  1.000000000 -0.000000000   5
<     441   441   0     0.000000000   417.100000000  -280.000000000 -0.000000000  1.000000000 -0.000000000   5
<     440   440   0   -40.000000000   417.100000000   320.000000000 -0.000000000  1.000000000 -0.000000000   5
<     439   439   0   -40.000000000   417.100000000   240.000000000 -0.000000000  1.000000000 -0.000000000   5
<     438   438   0   -40.000000000   417.100000000   160.000000000 -0.000000000  1.000000000 -0.000000000   5
<     437   437   0   -40.000000000   417.100000000    80.000000000 -0.000000000  1.000000000 -0.000000000   5
<     436   436   0   -40.000000000   417.100000000    -0.000000000 -0.000000000  1.000000000 -0.000000000   5
<     435   435   0   -40.000000000   417.100000000   -80.000000000 -0.000000000  1.000000000 -0.000000000   5
<     434   434   0   -40.000000000   417.100000000  -160.000000000 -0.000000000  1.000000000 -0.000000000   5
<     433   433   0   -40.000000000   417.100000000  -240.000000000 -0.000000000  1.000000000 -0.000000000   5
<     432   432   0   -40.000000000   417.100000000  -320.000000000 -0.000000000  1.000000000 -0.000000000   5
<     431   431   0   -80.000000000   417.100000000   280.000000000 -0.000000000  1.000000000 -0.000000000   5
<     430   430   0   -80.000000000   417.100000000   200.000000000 -0.000000000  1.000000000 -0.000000000   5
<     429   429   0   -80.000000000   417.100000000   120.000000000 -0.000000000  1.000000000 -0.000000000   5
<     428   428   0   -80.000000000   417.100000000    40.000000000 -0.000000000  1.000000000 -0.000000000   5
<     427   427   0   -80.000000000   417.100000000   -40.000000000 -0.000000000  1.000000000 -0.000000000   5
<     426   426   0   -80.000000000   417.100000000  -120.000000000 -0.000000000  1.000000000 -0.000000000   5
<     425   425   0   -80.000000000   417.100000000  -200.000000000 -0.000000000  1.000000000 -0.000000000   5
<     424   424   0   -80.000000000   417.100000000  -280.000000000 -0.000000000  1.000000000 -0.000000000   5
<     423   423   0  -120.000000000   417.100000000   320.000000000 -0.000000000  1.000000000 -0.000000000   5
<     422   422   0  -120.000000000   417.100000000   240.000000000 -0.000000000  1.000000000 -0.000000000   5
<     421   421   0  -120.000000000   417.100000000   160.000000000 -0.000000000  1.000000000 -0.000000000   5
<     420   420   0  -120.000000000   417.100000000    80.000000000 -0.000000000  1.000000000 -0.000000000   5
<     419   419   0  -120.000000000   417.100000000    -0.000000000 -0.000000000  1.000000000 -0.000000000   5
<     418   418   0  -120.000000000   417.100000000   -80.000000000 -0.000000000  1.000000000 -0.000000000   5
<     417   417   0  -120.000000000   417.100000000  -160.000000000 -0.000000000  1.000000000 -0.000000000   5
<     416   416   0  -120.000000000   417.100000000  -240.000000000 -0.000000000  1.000000000 -0.000000000   5
<     415   415   0  -120.000000000   417.100000000  -320.000000000 -0.000000000  1.000000000 -0.000000000   5
<     414   414   0  -160.000000000   417.100000000   280.000000000 -0.000000000  1.000000000 -0.000000000   5
<     413   413   0  -160.000000000   417.100000000   200.000000000 -0.000000000  1.000000000 -0.000000000   5
<     412   412   0  -160.000000000   417.100000000   120.000000000 -0.000000000  1.000000000 -0.000000000   5
<     411   411   0  -160.000000000   417.100000000    40.000000000 -0.000000000  1.000000000 -0.000000000   5
<     410   410   0  -160.000000000   417.100000000   -40.000000000 -0.000000000  1.000000000 -0.000000000   5
<     409   409   0  -160.000000000   417.100000000  -120.000000000 -0.000000000  1.000000000 -0.000000000   5
<     408   408   0  -160.000000000   417.100000000  -200.000000000 -0.000000000  1.000000000 -0.000000000   5
<     407   407   0  -160.000000000   417.100000000  -280.000000000 -0.000000000  1.000000000 -0.000000000   5
<     406   406   0  -200.000000000   417.100000000   240.000000000 -0.000000000  1.000000000 -0.000000000   5
<     405   405   0  -200.000000000   417.100000000   160.000000000 -0.000000000  1.000000000 -0.000000000   5
<     404   404   0  -200.000000000   417.100000000    80.000000000 -0.000000000  1.000000000 -0.000000000   5
<     403   403   0  -200.000000000   417.100000000    -0.000000000 -0.000000000  1.000000000 -0.000000000   5
<     402   402   0  -200.000000000   417.100000000   -80.000000000 -0.000000000  1.000000000 -0.000000000   5
<     401   401   0  -200.000000000   417.100000000  -160.000000000 -0.000000000  1.000000000 -0.000000000   5
<     400   400   0  -200.000000000   417.100000000  -240.000000000 -0.000000000  1.000000000 -0.000000000   5
<     399   399   0  -240.000000000   417.100000000   200.000000000 -0.000000000  1.000000000 -0.000000000   5
<     398   398   0  -240.000000000   417.100000000   120.000000000 -0.000000000  1.000000000 -0.000000000   5
<     397   397   0  -240.000000000   417.100000000    40.000000000 -0.000000000  1.000000000 -0.000000000   5
<     396   396   0  -240.000000000   417.100000000   -40.000000000 -0.000000000  1.000000000 -0.000000000   5
<     395   395   0  -240.000000000   417.100000000  -120.000000000 -0.000000000  1.000000000 -0.000000000   5
<     394   394   0  -240.000000000   417.100000000  -200.000000000 -0.000000000  1.000000000 -0.000000000   5
<     393   393   0  -280.000000000   417.100000000   160.000000000 -0.000000000  1.000000000 -0.000000000   5
<     392   392   0  -280.000000000   417.100000000    80.000000000 -0.000000000  1.000000000 -0.000000000   5
<     391   391   0  -280.000000000   417.100000000    -0.000000000 -0.000000000  1.000000000 -0.000000000   5
<     390   390   0  -280.000000000   417.100000000   -80.000000000 -0.000000000  1.000000000 -0.000000000   5
<     389   389   0  -280.000000000   417.100000000  -160.000000000 -0.000000000  1.000000000 -0.000000000   5
<     388   388   0  -320.000000000   417.100000000   120.000000000 -0.000000000  1.000000000 -0.000000000   5
<     387   387   0  -320.000000000   417.100000000    40.000000000 -0.000000000  1.000000000 -0.000000000   5
<     386   386   0  -320.000000000   417.100000000   -40.000000000 -0.000000000  1.000000000 -0.000000000   5
<     385   385   0  -320.000000000   417.100000000  -120.000000000 -0.000000000  1.000000000 -0.000000000   5
<     384   384   0   320.000000000  -417.100000000   120.000000000  0.000000000 -1.000000000  0.000000000   3
<     383   383   0   320.000000000  -417.100000000    40.000000000  0.000000000 -1.000000000  0.000000000   3
<     382   382   0   320.000000000  -417.100000000   -40.000000000  0.000000000 -1.000000000  0.000000000   3
<     381   381   0   320.000000000  -417.100000000  -120.000000000  0.000000000 -1.000000000  0.000000000   3
<     380   380   0   280.000000000  -417.100000000   160.000000000  0.000000000 -1.000000000  0.000000000   3
<     379   379   0   280.000000000  -417.100000000    80.000000000  0.000000000 -1.000000000  0.000000000   3
<     378   378   0   280.000000000  -417.100000000     0.000000000  0.000000000 -1.000000000  0.000000000   3
<     377   377   0   280.000000000  -417.100000000   -80.000000000  0.000000000 -1.000000000  0.000000000   3
<     376   376   0   280.000000000  -417.100000000  -160.000000000  0.000000000 -1.000000000  0.000000000   3
<     375   375   0   240.000000000  -417.100000000   200.000000000  0.000000000 -1.000000000  0.000000000   3
<     374   374   0   240.000000000  -417.100000000   120.000000000  0.000000000 -1.000000000  0.000000000   3
<     373   373   0   240.000000000  -417.100000000    40.000000000  0.000000000 -1.000000000  0.000000000   3
<     372   372   0   240.000000000  -417.100000000   -40.000000000  0.000000000 -1.000000000  0.000000000   3
<     371   371   0   240.000000000  -417.100000000  -120.000000000  0.000000000 -1.000000000  0.000000000   3
<     370   370   0   240.000000000  -417.100000000  -200.000000000  0.000000000 -1.000000000  0.000000000   3
<     369   369   0   200.000000000  -417.100000000   240.000000000  0.000000000 -1.000000000  0.000000000   3
<     368   368   0   200.000000000  -417.100000000   160.000000000  0.000000000 -1.000000000  0.000000000   3
<     367   367   0   200.000000000  -417.100000000    80.000000000  0.000000000 -1.000000000  0.000000000   3
<     366   366   0   200.000000000  -417.100000000     0.000000000  0.000000000 -1.000000000  0.000000000   3
<     365   365   0   200.000000000  -417.100000000   -80.000000000  0.000000000 -1.000000000  0.000000000   3
<     364   364   0   200.000000000  -417.100000000  -160.000000000  0.000000000 -1.000000000  0.000000000   3
<     363   363   0   200.000000000  -417.100000000  -240.000000000  0.000000000 -1.000000000  0.000000000   3
<     362   362   0   160.000000000  -417.100000000   280.000000000  0.000000000 -1.000000000  0.000000000   3
<     361   361   0   160.000000000  -417.100000000   200.000000000  0.000000000 -1.000000000  0.000000000   3
<     360   360   0   160.000000000  -417.100000000   120.000000000  0.000000000 -1.000000000  0.000000000   3
<     359   359   0   160.000000000  -417.100000000    40.000000000  0.000000000 -1.000000000  0.000000000   3
<     358   358   0   160.000000000  -417.100000000   -40.000000000  0.000000000 -1.000000000  0.000000000   3
<     357   357   0   160.000000000  -417.100000000  -120.000000000  0.000000000 -1.000000000  0.000000000   3
<     356   356   0   160.000000000  -417.100000000  -200.000000000  0.000000000 -1.000000000  0.000000000   3
<     355   355   0   160.000000000  -417.100000000  -280.000000000  0.000000000 -1.000000000  0.000000000   3
<     354   354   0   120.000000000  -417.100000000   320.000000000  0.000000000 -1.000000000  0.000000000   3
<     353   353   0   120.000000000  -417.100000000   240.000000000  0.000000000 -1.000000000  0.000000000   3
<     352   352   0   120.000000000  -417.100000000   160.000000000  0.000000000 -1.000000000  0.000000000   3
<     351   351   0   120.000000000  -417.100000000    80.000000000  0.000000000 -1.000000000  0.000000000   3
<     350   350   0   120.000000000  -417.100000000     0.000000000  0.000000000 -1.000000000  0.000000000   3
<     349   349   0   120.000000000  -417.100000000   -80.000000000  0.000000000 -1.000000000  0.000000000   3
<     348   348   0   120.000000000  -417.100000000  -160.000000000  0.000000000 -1.000000000  0.000000000   3
<     347   347   0   120.000000000  -417.100000000  -240.000000000  0.000000000 -1.000000000  0.000000000   3
<     346   346   0   120.000000000  -417.100000000  -320.000000000  0.000000000 -1.000000000  0.000000000   3
<     345   345   0    80.000000000  -417.100000000   280.000000000  0.000000000 -1.000000000  0.000000000   3
<     344   344   0    80.000000000  -417.100000000   200.000000000  0.000000000 -1.000000000  0.000000000   3
<     343   343   0    80.000000000  -417.100000000   120.000000000  0.000000000 -1.000000000  0.000000000   3
<     342   342   0    80.000000000  -417.100000000    40.000000000  0.000000000 -1.000000000  0.000000000   3
<     341   341   0    80.000000000  -417.100000000   -40.000000000  0.000000000 -1.000000000  0.000000000   3
<     340   340   0    80.000000000  -417.100000000  -120.000000000  0.000000000 -1.000000000  0.000000000   3
<     339   339   0    80.000000000  -417.100000000  -200.000000000  0.000000000 -1.000000000  0.000000000   3
<     338   338   0    80.000000000  -417.100000000  -280.000000000  0.000000000 -1.000000000  0.000000000   3
<     337   337   0    40.000000000  -417.100000000   320.000000000  0.000000000 -1.000000000  0.000000000   3
<     336   336   0    40.000000000  -417.100000000   240.000000000  0.000000000 -1.000000000  0.000000000   3
<     335   335   0    40.000000000  -417.100000000   160.000000000  0.000000000 -1.000000000  0.000000000   3
<     334   334   0    40.000000000  -417.100000000    80.000000000  0.000000000 -1.000000000  0.000000000   3
<     333   333   0    40.000000000  -417.100000000     0.000000000  0.000000000 -1.000000000  0.000000000   3
<     332   332   0    40.000000000  -417.100000000   -80.000000000  0.000000000 -1.000000000  0.000000000   3
<     331   331   0    40.000000000  -417.100000000  -160.000000000  0.000000000 -1.000000000  0.000000000   3
<     330   330   0    40.000000000  -417.100000000  -240.000000000  0.000000000 -1.000000000  0.000000000   3
<     329   329   0    40.000000000  -417.100000000  -320.000000000  0.000000000 -1.000000000  0.000000000   3
<     328   328   0     0.000000000  -417.100000000   280.000000000  0.000000000 -1.000000000  0.000000000   3
<     327   327   0     0.000000000  -417.100000000   200.000000000  0.000000000 -1.000000000  0.000000000   3
<     326   326   0     0.000000000  -417.100000000   120.000000000  0.000000000 -1.000000000  0.000000000   3
<     325   325   0     0.000000000  -417.100000000    40.000000000  0.000000000 -1.000000000  0.000000000   3
<     324   324   0     0.000000000  -417.100000000   -40.000000000  0.000000000 -1.000000000  0.000000000   3
<     323   323   0     0.000000000  -417.100000000  -120.000000000  0.000000000 -1.000000000  0.000000000   3
<     322   322   0     0.000000000  -417.100000000  -200.000000000  0.000000000 -1.000000000  0.000000000   3
<     321   321   0     0.000000000  -417.100000000  -280.000000000  0.000000000 -1.000000000  0.000000000   3
<     320   320   0   -40.000000000  -417.100000000   320.000000000  0.000000000 -1.000000000  0.000000000   3
<     319   319   0   -40.000000000  -417.100000000   240.000000000  0.000000000 -1.000000000  0.000000000   3
<     318   318   0   -40.000000000  -417.100000000   160.000000000  0.000000000 -1.000000000  0.000000000   3
<     317   317   0   -40.000000000  -417.100000000    80.000000000  0.000000000 -1.000000000  0.000000000   3
<     316   316   0   -40.000000000  -417.100000000     0.000000000  0.000000000 -1.000000000  0.000000000   3
<     315   315   0   -40.000000000  -417.100000000   -80.000000000  0.000000000 -1.000000000  0.000000000   3
<     314   314   0   -40.000000000  -417.100000000  -160.000000000  0.000000000 -1.000000000  0.000000000   3
<     313   313   0   -40.000000000  -417.100000000  -240.000000000  0.000000000 -1.000000000  0.000000000   3
<     312   312   0   -40.000000000  -417.100000000  -320.000000000  0.000000000 -1.000000000  0.000000000   3
<     311   311   0   -80.000000000  -417.100000000   280.000000000  0.000000000 -1.000000000  0.000000000   3
<     310   310   0   -80.000000000  -417.100000000   200.000000000  0.000000000 -1.000000000  0.000000000   3
<     309   309   0   -80.000000000  -417.100000000   120.000000000  0.000000000 -1.000000000  0.000000000   3
<     308   308   0   -80.000000000  -417.100000000    40.000000000  0.000000000 -1.000000000  0.000000000   3
<     307   307   0   -80.000000000  -417.100000000   -40.000000000  0.000000000 -1.000000000  0.000000000   3
<     306   306   0   -80.000000000  -417.100000000  -120.000000000  0.000000000 -1.000000000  0.000000000   3
<     305   305   0   -80.000000000  -417.100000000  -200.000000000  0.000000000 -1.000000000  0.000000000   3
<     304   304   0   -80.000000000  -417.100000000  -280.000000000  0.000000000 -1.000000000  0.000000000   3
<     303   303   0  -120.000000000  -417.100000000   320.000000000  0.000000000 -1.000000000  0.000000000   3
<     302   302   0  -120.000000000  -417.100000000   240.000000000  0.000000000 -1.000000000  0.000000000   3
<     301   301   0  -120.000000000  -417.100000000   160.000000000  0.000000000 -1.000000000  0.000000000   3
<     300   300   0  -120.000000000  -417.100000000    80.000000000  0.000000000 -1.000000000  0.000000000   3
<     299   299   0  -120.000000000  -417.100000000     0.000000000  0.000000000 -1.000000000  0.000000000   3
<     298   298   0  -120.000000000  -417.100000000   -80.000000000  0.000000000 -1.000000000  0.000000000   3
<     297   297   0  -120.000000000  -417.100000000  -160.000000000  0.000000000 -1.000000000  0.000000000   3
<     296   296   0  -120.000000000  -417.100000000  -240.000000000  0.000000000 -1.000000000  0.000000000   3
<     295   295   0  -120.000000000  -417.100000000  -320.000000000  0.000000000 -1.000000000  0.000000000   3
<     294   294   0  -160.000000000  -417.100000000   280.000000000  0.000000000 -1.000000000  0.000000000   3
<     293   293   0  -160.000000000  -417.100000000   200.000000000  0.000000000 -1.000000000  0.000000000   3
<     292   292   0  -160.000000000  -417.100000000   120.000000000  0.000000000 -1.000000000  0.000000000   3
<     291   291   0  -160.000000000  -417.100000000    40.000000000  0.000000000 -1.000000000  0.000000000   3
<     290   290   0  -160.000000000  -417.100000000   -40.000000000  0.000000000 -1.000000000  0.000000000   3
<     289   289   0  -160.000000000  -417.100000000  -120.000000000  0.000000000 -1.000000000  0.000000000   3
<     288   288   0  -160.000000000  -417.100000000  -200.000000000  0.000000000 -1.000000000  0.000000000   3
<     287   287   0  -160.000000000  -417.100000000  -280.000000000  0.000000000 -1.000000000  0.000000000   3
<     286   286   0  -200.000000000  -417.100000000   240.000000000  0.000000000 -1.000000000  0.000000000   3
<     285   285   0  -200.000000000  -417.100000000   160.000000000  0.000000000 -1.000000000  0.000000000   3
<     284   284   0  -200.000000000  -417.100000000    80.000000000  0.000000000 -1.000000000  0.000000000   3
<     283   283   0  -200.000000000  -417.100000000     0.000000000  0.000000000 -1.000000000  0.000000000   3
<     282   282   0  -200.000000000  -417.100000000   -80.000000000  0.000000000 -1.000000000  0.000000000   3
<     281   281   0  -200.000000000  -417.100000000  -160.000000000  0.000000000 -1.000000000  0.000000000   3
<     280   280   0  -200.000000000  -417.100000000  -240.000000000  0.000000000 -1.000000000  0.000000000   3
<     279   279   0  -240.000000000  -417.100000000   200.000000000  0.000000000 -1.000000000  0.000000000   3
<     278   278   0  -240.000000000  -417.100000000   120.000000000  0.000000000 -1.000000000  0.000000000   3
<     277   277   0  -240.000000000  -417.100000000    40.000000000  0.000000000 -1.000000000  0.000000000   3
<     276   276   0  -240.000000000  -417.100000000   -40.000000000  0.000000000 -1.000000000  0.000000000   3
<     275   275   0  -240.000000000  -417.100000000  -120.000000000  0.000000000 -1.000000000  0.000000000   3
<     274   274   0  -240.000000000  -417.100000000  -200.000000000  0.000000000 -1.000000000  0.000000000   3
<     273   273   0  -280.000000000  -417.100000000   160.000000000  0.000000000 -1.000000000  0.000000000   3
<     272   272   0  -280.000000000  -417.100000000    80.000000000  0.000000000 -1.000000000  0.000000000   3
<     271   271   0  -280.000000000  -417.100000000     0.000000000  0.000000000 -1.000000000  0.000000000   3
<     270   270   0  -280.000000000  -417.100000000   -80.000000000  0.000000000 -1.000000000  0.000000000   3
<     269   269   0  -280.000000000  -417.100000000  -160.000000000  0.000000000 -1.000000000  0.000000000   3
<     268   268   0  -320.000000000  -417.100000000   120.000000000  0.000000000 -1.000000000  0.000000000   3
<     267   267   0  -320.000000000  -417.100000000    40.000000000  0.000000000 -1.000000000  0.000000000   3
<     266   266   0  -320.000000000  -417.100000000   -40.000000000  0.000000000 -1.000000000  0.000000000   3
<     265   265   0  -320.000000000  -417.100000000  -120.000000000  0.000000000 -1.000000000  0.000000000   3
---
>     504   504   0   320.000000000   419.100000000   120.000000000 -0.000000000  1.000000000 -0.000000000   5
>     503   503   0   320.000000000   419.100000000    40.000000000 -0.000000000  1.000000000 -0.000000000   5
>     502   502   0   320.000000000   419.100000000   -40.000000000 -0.000000000  1.000000000 -0.000000000   5
>     501   501   0   320.000000000   419.100000000  -120.000000000 -0.000000000  1.000000000 -0.000000000   5
>     500   500   0   280.000000000   419.100000000   160.000000000 -0.000000000  1.000000000 -0.000000000   5
>     499   499   0   280.000000000   419.100000000    80.000000000 -0.000000000  1.000000000 -0.000000000   5
>     498   498   0   280.000000000   419.100000000    -0.000000000 -0.000000000  1.000000000 -0.000000000   5
>     497   497   0   280.000000000   419.100000000   -80.000000000 -0.000000000  1.000000000 -0.000000000   5
>     496   496   0   280.000000000   419.100000000  -160.000000000 -0.000000000  1.000000000 -0.000000000   5
>     495   495   0   240.000000000   419.100000000   200.000000000 -0.000000000  1.000000000 -0.000000000   5
>     494   494   0   240.000000000   419.100000000   120.000000000 -0.000000000  1.000000000 -0.000000000   5
>     493   493   0   240.000000000   419.100000000    40.000000000 -0.000000000  1.000000000 -0.000000000   5
>     492   492   0   240.000000000   419.100000000   -40.000000000 -0.000000000  1.000000000 -0.000000000   5
>     491   491   0   240.000000000   419.100000000  -120.000000000 -0.000000000  1.000000000 -0.000000000   5
>     490   490   0   240.000000000   419.100000000  -200.000000000 -0.000000000  1.000000000 -0.000000000   5
>     489   489   0   200.000000000   419.100000000   240.000000000 -0.000000000  1.000000000 -0.000000000   5
>     488   488   0   200.000000000   419.100000000   160.000000000 -0.000000000  1.000000000 -0.000000000   5
>     487   487   0   200.000000000   419.100000000    80.000000000 -0.000000000  1.000000000 -0.000000000   5
>     486   486   0   200.000000000   419.100000000    -0.000000000 -0.000000000  1.000000000 -0.000000000   5
>     485   485   0   200.000000000   419.100000000   -80.000000000 -0.000000000  1.000000000 -0.000000000   5
>     484   484   0   200.000000000   419.100000000  -160.000000000 -0.000000000  1.000000000 -0.000000000   5
>     483   483   0   200.000000000   419.100000000  -240.000000000 -0.000000000  1.000000000 -0.000000000   5
>     482   482   0   160.000000000   419.100000000   280.000000000 -0.000000000  1.000000000 -0.000000000   5
>     481   481   0   160.000000000   419.100000000   200.000000000 -0.000000000  1.000000000 -0.000000000   5
>     480   480   0   160.000000000   419.100000000   120.000000000 -0.000000000  1.000000000 -0.000000000   5
>     479   479   0   160.000000000   419.100000000    40.000000000 -0.000000000  1.000000000 -0.000000000   5
>     478   478   0   160.000000000   419.100000000   -40.000000000 -0.000000000  1.000000000 -0.000000000   5
>     477   477   0   160.000000000   419.100000000  -120.000000000 -0.000000000  1.000000000 -0.000000000   5
>     476   476   0   160.000000000   419.100000000  -200.000000000 -0.000000000  1.000000000 -0.000000000   5
>     475   475   0   160.000000000   419.100000000  -280.000000000 -0.000000000  1.000000000 -0.000000000   5
>     474   474   0   120.000000000   419.100000000   320.000000000 -0.000000000  1.000000000 -0.000000000   5
>     473   473   0   120.000000000   419.100000000   240.000000000 -0.000000000  1.000000000 -0.000000000   5
>     472   472   0   120.000000000   419.100000000   160.000000000 -0.000000000  1.000000000 -0.000000000   5
>     471   471   0   120.000000000   419.100000000    80.000000000 -0.000000000  1.000000000 -0.000000000   5
>     470   470   0   120.000000000   419.100000000    -0.000000000 -0.000000000  1.000000000 -0.000000000   5
>     469   469   0   120.000000000   419.100000000   -80.000000000 -0.000000000  1.000000000 -0.000000000   5
>     468   468   0   120.000000000   419.100000000  -160.000000000 -0.000000000  1.000000000 -0.000000000   5
>     467   467   0   120.000000000   419.100000000  -240.000000000 -0.000000000  1.000000000 -0.000000000   5
>     466   466   0   120.000000000   419.100000000  -320.000000000 -0.000000000  1.000000000 -0.000000000   5
>     465   465   0    80.000000000   419.100000000   280.000000000 -0.000000000  1.000000000 -0.000000000   5
>     464   464   0    80.000000000   419.100000000   200.000000000 -0.000000000  1.000000000 -0.000000000   5
>     463   463   0    80.000000000   419.100000000   120.000000000 -0.000000000  1.000000000 -0.000000000   5
>     462   462   0    80.000000000   419.100000000    40.000000000 -0.000000000  1.000000000 -0.000000000   5
>     461   461   0    80.000000000   419.100000000   -40.000000000 -0.000000000  1.000000000 -0.000000000   5
>     460   460   0    80.000000000   419.100000000  -120.000000000 -0.000000000  1.000000000 -0.000000000   5
>     459   459   0    80.000000000   419.100000000  -200.000000000 -0.000000000  1.000000000 -0.000000000   5
>     458   458   0    80.000000000   419.100000000  -280.000000000 -0.000000000  1.000000000 -0.000000000   5
>     457   457   0    40.000000000   419.100000000   320.000000000 -0.000000000  1.000000000 -0.000000000   5
>     456   456   0    40.000000000   419.100000000   240.000000000 -0.000000000  1.000000000 -0.000000000   5
>     455   455   0    40.000000000   419.100000000   160.000000000 -0.000000000  1.000000000 -0.000000000   5
>     454   454   0    40.000000000   419.100000000    80.000000000 -0.000000000  1.000000000 -0.000000000   5
>     453   453   0    40.000000000   419.100000000    -0.000000000 -0.000000000  1.000000000 -0.000000000   5
>     452   452   0    40.000000000   419.100000000   -80.000000000 -0.000000000  1.000000000 -0.000000000   5
>     451   451   0    40.000000000   419.100000000  -160.000000000 -0.000000000  1.000000000 -0.000000000   5
>     450   450   0    40.000000000   419.100000000  -240.000000000 -0.000000000  1.000000000 -0.000000000   5
>     449   449   0    40.000000000   419.100000000  -320.000000000 -0.000000000  1.000000000 -0.000000000   5
>     448   448   0     0.000000000   419.100000000   280.000000000 -0.000000000  1.000000000 -0.000000000   5
>     447   447   0     0.000000000   419.100000000   200.000000000 -0.000000000  1.000000000 -0.000000000   5
>     446   446   0     0.000000000   419.100000000   120.000000000 -0.000000000  1.000000000 -0.000000000   5
>     445   445   0     0.000000000   419.100000000    40.000000000 -0.000000000  1.000000000 -0.000000000   5
>     444   444   0     0.000000000   419.100000000   -40.000000000 -0.000000000  1.000000000 -0.000000000   5
>     443   443   0     0.000000000   419.100000000  -120.000000000 -0.000000000  1.000000000 -0.000000000   5
>     442   442   0     0.000000000   419.100000000  -200.000000000 -0.000000000  1.000000000 -0.000000000   5
>     441   441   0     0.000000000   419.100000000  -280.000000000 -0.000000000  1.000000000 -0.000000000   5
>     440   440   0   -40.000000000   419.100000000   320.000000000 -0.000000000  1.000000000 -0.000000000   5
>     439   439   0   -40.000000000   419.100000000   240.000000000 -0.000000000  1.000000000 -0.000000000   5
>     438   438   0   -40.000000000   419.100000000   160.000000000 -0.000000000  1.000000000 -0.000000000   5
>     437   437   0   -40.000000000   419.100000000    80.000000000 -0.000000000  1.000000000 -0.000000000   5
>     436   436   0   -40.000000000   419.100000000    -0.000000000 -0.000000000  1.000000000 -0.000000000   5
>     435   435   0   -40.000000000   419.100000000   -80.000000000 -0.000000000  1.000000000 -0.000000000   5
>     434   434   0   -40.000000000   419.100000000  -160.000000000 -0.000000000  1.000000000 -0.000000000   5
>     433   433   0   -40.000000000   419.100000000  -240.000000000 -0.000000000  1.000000000 -0.000000000   5
>     432   432   0   -40.000000000   419.100000000  -320.000000000 -0.000000000  1.000000000 -0.000000000   5
>     431   431   0   -80.000000000   419.100000000   280.000000000 -0.000000000  1.000000000 -0.000000000   5
>     430   430   0   -80.000000000   419.100000000   200.000000000 -0.000000000  1.000000000 -0.000000000   5
>     429   429   0   -80.000000000   419.100000000   120.000000000 -0.000000000  1.000000000 -0.000000000   5
>     428   428   0   -80.000000000   419.100000000    40.000000000 -0.000000000  1.000000000 -0.000000000   5
>     427   427   0   -80.000000000   419.100000000   -40.000000000 -0.000000000  1.000000000 -0.000000000   5
>     426   426   0   -80.000000000   419.100000000  -120.000000000 -0.000000000  1.000000000 -0.000000000   5
>     425   425   0   -80.000000000   419.100000000  -200.000000000 -0.000000000  1.000000000 -0.000000000   5
>     424   424   0   -80.000000000   419.100000000  -280.000000000 -0.000000000  1.000000000 -0.000000000   5
>     423   423   0  -120.000000000   419.100000000   320.000000000 -0.000000000  1.000000000 -0.000000000   5
>     422   422   0  -120.000000000   419.100000000   240.000000000 -0.000000000  1.000000000 -0.000000000   5
>     421   421   0  -120.000000000   419.100000000   160.000000000 -0.000000000  1.000000000 -0.000000000   5
>     420   420   0  -120.000000000   419.100000000    80.000000000 -0.000000000  1.000000000 -0.000000000   5
>     419   419   0  -120.000000000   419.100000000    -0.000000000 -0.000000000  1.000000000 -0.000000000   5
>     418   418   0  -120.000000000   419.100000000   -80.000000000 -0.000000000  1.000000000 -0.000000000   5
>     417   417   0  -120.000000000   419.100000000  -160.000000000 -0.000000000  1.000000000 -0.000000000   5
>     416   416   0  -120.000000000   419.100000000  -240.000000000 -0.000000000  1.000000000 -0.000000000   5
>     415   415   0  -120.000000000   419.100000000  -320.000000000 -0.000000000  1.000000000 -0.000000000   5
>     414   414   0  -160.000000000   419.100000000   280.000000000 -0.000000000  1.000000000 -0.000000000   5
>     413   413   0  -160.000000000   419.100000000   200.000000000 -0.000000000  1.000000000 -0.000000000   5
>     412   412   0  -160.000000000   419.100000000   120.000000000 -0.000000000  1.000000000 -0.000000000   5
>     411   411   0  -160.000000000   419.100000000    40.000000000 -0.000000000  1.000000000 -0.000000000   5
>     410   410   0  -160.000000000   419.100000000   -40.000000000 -0.000000000  1.000000000 -0.000000000   5
>     409   409   0  -160.000000000   419.100000000  -120.000000000 -0.000000000  1.000000000 -0.000000000   5
>     408   408   0  -160.000000000   419.100000000  -200.000000000 -0.000000000  1.000000000 -0.000000000   5
>     407   407   0  -160.000000000   419.100000000  -280.000000000 -0.000000000  1.000000000 -0.000000000   5
>     406   406   0  -200.000000000   419.100000000   240.000000000 -0.000000000  1.000000000 -0.000000000   5
>     405   405   0  -200.000000000   419.100000000   160.000000000 -0.000000000  1.000000000 -0.000000000   5
>     404   404   0  -200.000000000   419.100000000    80.000000000 -0.000000000  1.000000000 -0.000000000   5
>     403   403   0  -200.000000000   419.100000000    -0.000000000 -0.000000000  1.000000000 -0.000000000   5
>     402   402   0  -200.000000000   419.100000000   -80.000000000 -0.000000000  1.000000000 -0.000000000   5
>     401   401   0  -200.000000000   419.100000000  -160.000000000 -0.000000000  1.000000000 -0.000000000   5
>     400   400   0  -200.000000000   419.100000000  -240.000000000 -0.000000000  1.000000000 -0.000000000   5
>     399   399   0  -240.000000000   419.100000000   200.000000000 -0.000000000  1.000000000 -0.000000000   5
>     398   398   0  -240.000000000   419.100000000   120.000000000 -0.000000000  1.000000000 -0.000000000   5
>     397   397   0  -240.000000000   419.100000000    40.000000000 -0.000000000  1.000000000 -0.000000000   5
>     396   396   0  -240.000000000   419.100000000   -40.000000000 -0.000000000  1.000000000 -0.000000000   5
>     395   395   0  -240.000000000   419.100000000  -120.000000000 -0.000000000  1.000000000 -0.000000000   5
>     394   394   0  -240.000000000   419.100000000  -200.000000000 -0.000000000  1.000000000 -0.000000000   5
>     393   393   0  -280.000000000   419.100000000   160.000000000 -0.000000000  1.000000000 -0.000000000   5
>     392   392   0  -280.000000000   419.100000000    80.000000000 -0.000000000  1.000000000 -0.000000000   5
>     391   391   0  -280.000000000   419.100000000    -0.000000000 -0.000000000  1.000000000 -0.000000000   5
>     390   390   0  -280.000000000   419.100000000   -80.000000000 -0.000000000  1.000000000 -0.000000000   5
>     389   389   0  -280.000000000   419.100000000  -160.000000000 -0.000000000  1.000000000 -0.000000000   5
>     388   388   0  -320.000000000   419.100000000   120.000000000 -0.000000000  1.000000000 -0.000000000   5
>     387   387   0  -320.000000000   419.100000000    40.000000000 -0.000000000  1.000000000 -0.000000000   5
>     386   386   0  -320.000000000   419.100000000   -40.000000000 -0.000000000  1.000000000 -0.000000000   5
>     385   385   0  -320.000000000   419.100000000  -120.000000000 -0.000000000  1.000000000 -0.000000000   5
>     384   384   0   320.000000000  -419.100000000   120.000000000  0.000000000 -1.000000000  0.000000000   3
>     383   383   0   320.000000000  -419.100000000    40.000000000  0.000000000 -1.000000000  0.000000000   3
>     382   382   0   320.000000000  -419.100000000   -40.000000000  0.000000000 -1.000000000  0.000000000   3
>     381   381   0   320.000000000  -419.100000000  -120.000000000  0.000000000 -1.000000000  0.000000000   3
>     380   380   0   280.000000000  -419.100000000   160.000000000  0.000000000 -1.000000000  0.000000000   3
>     379   379   0   280.000000000  -419.100000000    80.000000000  0.000000000 -1.000000000  0.000000000   3
>     378   378   0   280.000000000  -419.100000000     0.000000000  0.000000000 -1.000000000  0.000000000   3
>     377   377   0   280.000000000  -419.100000000   -80.000000000  0.000000000 -1.000000000  0.000000000   3
>     376   376   0   280.000000000  -419.100000000  -160.000000000  0.000000000 -1.000000000  0.000000000   3
>     375   375   0   240.000000000  -419.100000000   200.000000000  0.000000000 -1.000000000  0.000000000   3
>     374   374   0   240.000000000  -419.100000000   120.000000000  0.000000000 -1.000000000  0.000000000   3
>     373   373   0   240.000000000  -419.100000000    40.000000000  0.000000000 -1.000000000  0.000000000   3
>     372   372   0   240.000000000  -419.100000000   -40.000000000  0.000000000 -1.000000000  0.000000000   3
>     371   371   0   240.000000000  -419.100000000  -120.000000000  0.000000000 -1.000000000  0.000000000   3
>     370   370   0   240.000000000  -419.100000000  -200.000000000  0.000000000 -1.000000000  0.000000000   3
>     369   369   0   200.000000000  -419.100000000   240.000000000  0.000000000 -1.000000000  0.000000000   3
>     368   368   0   200.000000000  -419.100000000   160.000000000  0.000000000 -1.000000000  0.000000000   3
>     367   367   0   200.000000000  -419.100000000    80.000000000  0.000000000 -1.000000000  0.000000000   3
>     366   366   0   200.000000000  -419.100000000     0.000000000  0.000000000 -1.000000000  0.000000000   3
>     365   365   0   200.000000000  -419.100000000   -80.000000000  0.000000000 -1.000000000  0.000000000   3
>     364   364   0   200.000000000  -419.100000000  -160.000000000  0.000000000 -1.000000000  0.000000000   3
>     363   363   0   200.000000000  -419.100000000  -240.000000000  0.000000000 -1.000000000  0.000000000   3
>     362   362   0   160.000000000  -419.100000000   280.000000000  0.000000000 -1.000000000  0.000000000   3
>     361   361   0   160.000000000  -419.100000000   200.000000000  0.000000000 -1.000000000  0.000000000   3
>     360   360   0   160.000000000  -419.100000000   120.000000000  0.000000000 -1.000000000  0.000000000   3
>     359   359   0   160.000000000  -419.100000000    40.000000000  0.000000000 -1.000000000  0.000000000   3
>     358   358   0   160.000000000  -419.100000000   -40.000000000  0.000000000 -1.000000000  0.000000000   3
>     357   357   0   160.000000000  -419.100000000  -120.000000000  0.000000000 -1.000000000  0.000000000   3
>     356   356   0   160.000000000  -419.100000000  -200.000000000  0.000000000 -1.000000000  0.000000000   3
>     355   355   0   160.000000000  -419.100000000  -280.000000000  0.000000000 -1.000000000  0.000000000   3
>     354   354   0   120.000000000  -419.100000000   320.000000000  0.000000000 -1.000000000  0.000000000   3
>     353   353   0   120.000000000  -419.100000000   240.000000000  0.000000000 -1.000000000  0.000000000   3
>     352   352   0   120.000000000  -419.100000000   160.000000000  0.000000000 -1.000000000  0.000000000   3
>     351   351   0   120.000000000  -419.100000000    80.000000000  0.000000000 -1.000000000  0.000000000   3
>     350   350   0   120.000000000  -419.100000000     0.000000000  0.000000000 -1.000000000  0.000000000   3
>     349   349   0   120.000000000  -419.100000000   -80.000000000  0.000000000 -1.000000000  0.000000000   3
>     348   348   0   120.000000000  -419.100000000  -160.000000000  0.000000000 -1.000000000  0.000000000   3
>     347   347   0   120.000000000  -419.100000000  -240.000000000  0.000000000 -1.000000000  0.000000000   3
>     346   346   0   120.000000000  -419.100000000  -320.000000000  0.000000000 -1.000000000  0.000000000   3
>     345   345   0    80.000000000  -419.100000000   280.000000000  0.000000000 -1.000000000  0.000000000   3
>     344   344   0    80.000000000  -419.100000000   200.000000000  0.000000000 -1.000000000  0.000000000   3
>     343   343   0    80.000000000  -419.100000000   120.000000000  0.000000000 -1.000000000  0.000000000   3
>     342   342   0    80.000000000  -419.100000000    40.000000000  0.000000000 -1.000000000  0.000000000   3
>     341   341   0    80.000000000  -419.100000000   -40.000000000  0.000000000 -1.000000000  0.000000000   3
>     340   340   0    80.000000000  -419.100000000  -120.000000000  0.000000000 -1.000000000  0.000000000   3
>     339   339   0    80.000000000  -419.100000000  -200.000000000  0.000000000 -1.000000000  0.000000000   3
>     338   338   0    80.000000000  -419.100000000  -280.000000000  0.000000000 -1.000000000  0.000000000   3
>     337   337   0    40.000000000  -419.100000000   320.000000000  0.000000000 -1.000000000  0.000000000   3
>     336   336   0    40.000000000  -419.100000000   240.000000000  0.000000000 -1.000000000  0.000000000   3
>     335   335   0    40.000000000  -419.100000000   160.000000000  0.000000000 -1.000000000  0.000000000   3
>     334   334   0    40.000000000  -419.100000000    80.000000000  0.000000000 -1.000000000  0.000000000   3
>     333   333   0    40.000000000  -419.100000000     0.000000000  0.000000000 -1.000000000  0.000000000   3
>     332   332   0    40.000000000  -419.100000000   -80.000000000  0.000000000 -1.000000000  0.000000000   3
>     331   331   0    40.000000000  -419.100000000  -160.000000000  0.000000000 -1.000000000  0.000000000   3
>     330   330   0    40.000000000  -419.100000000  -240.000000000  0.000000000 -1.000000000  0.000000000   3
>     329   329   0    40.000000000  -419.100000000  -320.000000000  0.000000000 -1.000000000  0.000000000   3
>     328   328   0     0.000000000  -419.100000000   280.000000000  0.000000000 -1.000000000  0.000000000   3
>     327   327   0     0.000000000  -419.100000000   200.000000000  0.000000000 -1.000000000  0.000000000   3
>     326   326   0     0.000000000  -419.100000000   120.000000000  0.000000000 -1.000000000  0.000000000   3
>     325   325   0     0.000000000  -419.100000000    40.000000000  0.000000000 -1.000000000  0.000000000   3
>     324   324   0     0.000000000  -419.100000000   -40.000000000  0.000000000 -1.000000000  0.000000000   3
>     323   323   0     0.000000000  -419.100000000  -120.000000000  0.000000000 -1.000000000  0.000000000   3
>     322   322   0     0.000000000  -419.100000000  -200.000000000  0.000000000 -1.000000000  0.000000000   3
>     321   321   0     0.000000000  -419.100000000  -280.000000000  0.000000000 -1.000000000  0.000000000   3
>     320   320   0   -40.000000000  -419.100000000   320.000000000  0.000000000 -1.000000000  0.000000000   3
>     319   319   0   -40.000000000  -419.100000000   240.000000000  0.000000000 -1.000000000  0.000000000   3
>     318   318   0   -40.000000000  -419.100000000   160.000000000  0.000000000 -1.000000000  0.000000000   3
>     317   317   0   -40.000000000  -419.100000000    80.000000000  0.000000000 -1.000000000  0.000000000   3
>     316   316   0   -40.000000000  -419.100000000     0.000000000  0.000000000 -1.000000000  0.000000000   3
>     315   315   0   -40.000000000  -419.100000000   -80.000000000  0.000000000 -1.000000000  0.000000000   3
>     314   314   0   -40.000000000  -419.100000000  -160.000000000  0.000000000 -1.000000000  0.000000000   3
>     313   313   0   -40.000000000  -419.100000000  -240.000000000  0.000000000 -1.000000000  0.000000000   3
>     312   312   0   -40.000000000  -419.100000000  -320.000000000  0.000000000 -1.000000000  0.000000000   3
>     311   311   0   -80.000000000  -419.100000000   280.000000000  0.000000000 -1.000000000  0.000000000   3
>     310   310   0   -80.000000000  -419.100000000   200.000000000  0.000000000 -1.000000000  0.000000000   3
>     309   309   0   -80.000000000  -419.100000000   120.000000000  0.000000000 -1.000000000  0.000000000   3
>     308   308   0   -80.000000000  -419.100000000    40.000000000  0.000000000 -1.000000000  0.000000000   3
>     307   307   0   -80.000000000  -419.100000000   -40.000000000  0.000000000 -1.000000000  0.000000000   3
>     306   306   0   -80.000000000  -419.100000000  -120.000000000  0.000000000 -1.000000000  0.000000000   3
>     305   305   0   -80.000000000  -419.100000000  -200.000000000  0.000000000 -1.000000000  0.000000000   3
>     304   304   0   -80.000000000  -419.100000000  -280.000000000  0.000000000 -1.000000000  0.000000000   3
>     303   303   0  -120.000000000  -419.100000000   320.000000000  0.000000000 -1.000000000  0.000000000   3
>     302   302   0  -120.000000000  -419.100000000   240.000000000  0.000000000 -1.000000000  0.000000000   3
>     301   301   0  -120.000000000  -419.100000000   160.000000000  0.000000000 -1.000000000  0.000000000   3
>     300   300   0  -120.000000000  -419.100000000    80.000000000  0.000000000 -1.000000000  0.000000000   3
>     299   299   0  -120.000000000  -419.100000000     0.000000000  0.000000000 -1.000000000  0.000000000   3
>     298   298   0  -120.000000000  -419.100000000   -80.000000000  0.000000000 -1.000000000  0.000000000   3
>     297   297   0  -120.000000000  -419.100000000  -160.000000000  0.000000000 -1.000000000  0.000000000   3
>     296   296   0  -120.000000000  -419.100000000  -240.000000000  0.000000000 -1.000000000  0.000000000   3
>     295   295   0  -120.000000000  -419.100000000  -320.000000000  0.000000000 -1.000000000  0.000000000   3
>     294   294   0  -160.000000000  -419.100000000   280.000000000  0.000000000 -1.000000000  0.000000000   3
>     293   293   0  -160.000000000  -419.100000000   200.000000000  0.000000000 -1.000000000  0.000000000   3
>     292   292   0  -160.000000000  -419.100000000   120.000000000  0.000000000 -1.000000000  0.000000000   3
>     291   291   0  -160.000000000  -419.100000000    40.000000000  0.000000000 -1.000000000  0.000000000   3
>     290   290   0  -160.000000000  -419.100000000   -40.000000000  0.000000000 -1.000000000  0.000000000   3
>     289   289   0  -160.000000000  -419.100000000  -120.000000000  0.000000000 -1.000000000  0.000000000   3
>     288   288   0  -160.000000000  -419.100000000  -200.000000000  0.000000000 -1.000000000  0.000000000   3
>     287   287   0  -160.000000000  -419.100000000  -280.000000000  0.000000000 -1.000000000  0.000000000   3
>     286   286   0  -200.000000000  -419.100000000   240.000000000  0.000000000 -1.000000000  0.000000000   3
>     285   285   0  -200.000000000  -419.100000000   160.000000000  0.000000000 -1.000000000  0.000000000   3
>     284   284   0  -200.000000000  -419.100000000    80.000000000  0.000000000 -1.000000000  0.000000000   3
>     283   283   0  -200.000000000  -419.100000000     0.000000000  0.000000000 -1.000000000  0.000000000   3
>     282   282   0  -200.000000000  -419.100000000   -80.000000000  0.000000000 -1.000000000  0.000000000   3
>     281   281   0  -200.000000000  -419.100000000  -160.000000000  0.000000000 -1.000000000  0.000000000   3
>     280   280   0  -200.000000000  -419.100000000  -240.000000000  0.000000000 -1.000000000  0.000000000   3
>     279   279   0  -240.000000000  -419.100000000   200.000000000  0.000000000 -1.000000000  0.000000000   3
>     278   278   0  -240.000000000  -419.100000000   120.000000000  0.000000000 -1.000000000  0.000000000   3
>     277   277   0  -240.000000000  -419.100000000    40.000000000  0.000000000 -1.000000000  0.000000000   3
>     276   276   0  -240.000000000  -419.100000000   -40.000000000  0.000000000 -1.000000000  0.000000000   3
>     275   275   0  -240.000000000  -419.100000000  -120.000000000  0.000000000 -1.000000000  0.000000000   3
>     274   274   0  -240.000000000  -419.100000000  -200.000000000  0.000000000 -1.000000000  0.000000000   3
>     273   273   0  -280.000000000  -419.100000000   160.000000000  0.000000000 -1.000000000  0.000000000   3
>     272   272   0  -280.000000000  -419.100000000    80.000000000  0.000000000 -1.000000000  0.000000000   3
>     271   271   0  -280.000000000  -419.100000000     0.000000000  0.000000000 -1.000000000  0.000000000   3
>     270   270   0  -280.000000000  -419.100000000   -80.000000000  0.000000000 -1.000000000  0.000000000   3
>     269   269   0  -280.000000000  -419.100000000  -160.000000000  0.000000000 -1.000000000  0.000000000   3
>     268   268   0  -320.000000000  -419.100000000   120.000000000  0.000000000 -1.000000000  0.000000000   3
>     267   267   0  -320.000000000  -419.100000000    40.000000000  0.000000000 -1.000000000  0.000000000   3
>     266   266   0  -320.000000000  -419.100000000   -40.000000000  0.000000000 -1.000000000  0.000000000   3
>     265   265   0  -320.000000000  -419.100000000  -120.000000000  0.000000000 -1.000000000  0.000000000   3
